Predictions,True
104.88984555963151,72.0
106.40799411178148,94.0
117.03859614074626,141.0
117.0228903143193,272.0
114.35762531655791,195.0
114.07423996961822,136.0
113.44979933692971,140.0
114.4007080824416,154.0
114.88950983011782,161.0
130.40488335049247,136.0
117.65082437645266,148.0
117.84895148663085,148.0
116.47428957762138,156.0
116.78664650372504,136.0
117.03290836334219,142.0
116.31363650056345,142.0
117.30535805608262,138.0
116.97364893991109,140.0
117.01598250007024,140.0
114.32491114549484,132.0
119.40714474108432,140.0
114.4593351487474,140.0
115.38863893193256,137.0
114.51725425001077,169.0
111.83641573967745,132.0
117.9284360279006,157.0
115.30628816325797,150.0
115.89269285853283,145.0
117.5106507347729,145.0
114.60953027617356,149.0
118.8662113345305,139.0
116.49325341793298,113.0
109.47628367520802,128.0
119.4374600791395,158.0
114.47073819734361,138.0
118.94682999455756,145.0
116.83343062082574,145.0
113.0167206241959,137.0
113.55176520502047,145.0
117.45071084008742,141.0
119.63031869218148,145.0
118.12642910586203,139.0
117.19003192535843,140.0
131.35898309378058,133.0
115.662078401043,83.0
122.47454762984606,82.0
122.84332868248754,85.0
101.67983582894706,54.0
102.57714027955859,62.0
61.82534757975846,23.0
70.91355153550792,28.0
57.55400545892067,18.0
57.25272165595655,9.0
64.26064422404934,30.0
56.29914085791799,17.0
52.86500176700143,15.0
50.923194561250305,10.0
53.10096032954461,14.0
51.602999091274725,14.0
56.12716377690451,15.0
55.25066525040431,15.0
61.98866927261957,19.0
55.23086284955701,24.0
57.15183320068523,16.0
59.26031805980206,15.0
48.02236278742554,18.0
54.205055870295475,23.0
57.20866629732039,19.0
50.83729022046949,14.0
56.18018898389391,18.0
56.186113895219975,53.0
57.69245042867641,64.0
53.54401241389573,21.0
55.90630961417457,39.0
53.74701623473035,14.0
55.90600374578244,29.0
52.919381043052596,21.0
56.16904368956074,23.0
57.54781248316107,17.0
56.35333111417627,29.0
62.43299466303003,15.0
59.13676784972563,23.0
61.6209003350509,17.0
63.96638336557176,22.0
60.56949320238576,24.0
57.520600506432686,22.0
63.532570912369195,18.0
53.75897259581119,23.0
62.969202574761724,22.0
62.047619390935026,32.0
56.96098850761837,17.0
52.78813944576751,15.0
60.10635346913626,16.0
57.692570713999146,39.0
58.52530256663778,30.0
60.32688457985654,31.0
54.71043980889294,18.0
56.933776530889986,36.0
58.93216251573675,35.0
56.65657041281587,16.0
59.532221313504884,21.0
48.05459925392115,16.0
51.275836760302944,27.0
53.63979389803565,23.0
55.40715645529528,26.0
56.728810340932874,21.0
57.204645330817215,15.0
47.33022385673452,21.0
61.82674288950229,30.0
58.51545635379024,17.0
59.65415282680952,25.0
57.23060634018904,17.0
56.85806894875442,39.0
61.04221795749626,22.0
63.036820109761834,44.0
55.453376949740836,52.0
58.9979379669371,53.0
55.57050392358269,24.0
65.46741531629515,23.0
55.39496296029246,23.0
51.63877538298253,19.0
59.260074052433055,20.0
46.182536915020954,18.0
53.64053279358966,23.0
51.686631757817416,17.0
56.31639320992309,26.0
54.99340587556479,22.0
55.32634877547533,22.0
67.33784521152953,15.0
52.33606939893404,19.0
52.408924500558804,4.0
52.39417408326678,17.0
57.678834130141695,18.0
63.64896930082757,24.0
57.24621593835781,19.0
54.71038825804034,13.0
55.581955086308,24.0
54.714697909318105,13.0
49.74185178623274,27.0
50.412030053714076,24.0
54.2135205202932,18.0
52.175708443374205,26.0
58.93415581537081,23.0
52.266132075566716,17.0
52.85586695591984,17.0
52.12696539387451,15.0
53.529870296664456,19.0
51.68663863126443,28.0
54.598192982431016,14.0
64.96502820059578,20.0
60.32688457985654,30.0
54.84932811598108,75.0
52.10938655313623,17.0
58.73331369362209,15.0
62.43338301278632,20.0
61.76094509959914,18.0
51.66331702554597,16.0
52.12654611360666,14.0
53.59300634421144,41.0
54.993388691947246,15.0
51.87228699838873,15.0
51.290628418277045,18.0
51.67533181092642,18.0
53.11984856193905,15.0
55.582972356466065,34.0
53.02919810599507,44.0
59.35540188907005,64.0
54.98066937824787,18.0
56.92202293649606,17.0
52.422595786669625,15.0
57.5105824574098,19.0
52.68527143775618,58.0
58.52626141249623,33.0
51.589018500048276,15.0
52.8653316924581,15.0
58.535928915721406,15.0
61.036830893399056,17.0
56.362139436524686,17.0
56.486538517307345,27.0
75.6552573824069,15.0
60.24836919461576,16.0
52.16822669629948,15.0
52.12871812286308,23.0
51.64697540527022,14.0
51.68675891658718,19.0
55.036017810328005,18.0
56.164259770439,16.0
56.23383280111459,15.0
58.36821680858011,18.0
54.6172049368717,26.0
54.53809843518772,16.0
55.03699040308048,16.0
60.25140038474893,31.0
59.12994939028775,16.0
52.94313911265644,15.0
57.84231906736939,18.0
55.14740201918967,17.0
57.935186209975384,15.0
54.534273361924434,21.0
55.02421953852849,17.0
55.803328194287495,15.0
53.622596533606654,21.0
52.753569444010665,18.0
60.24942426873241,18.0
56.9609094629777,20.0
57.23860015906631,16.0
53.78361046663282,15.0
58.84772909261693,16.0
53.79677999111162,22.0
55.0189647882863,17.0
62.999995617384386,25.0
52.75328419595958,14.0
52.33694920015183,23.0
54.47982878812664,20.0
55.654947656873034,20.0
56.180955373235975,26.0
60.008702407408535,18.0
51.532047934472835,17.0
55.643393392442526,16.0
59.15369714972108,15.0
52.32140146300619,21.0
56.230148633515086,36.0
53.55930927022536,24.0
53.57174333587366,16.0
60.00864054638541,20.0
52.32058008608802,21.0
51.41503437250671,16.0
59.153401591499474,18.0
51.54786029932851,17.0
51.548093996526994,15.0
54.78899643481581,16.0
62.42647519853726,18.0
60.42662173275301,15.0
60.64940733409389,20.0
60.7062679245171,30.0
57.23894726814052,13.0
51.6468207527124,15.0
58.59689639073548,19.0
60.36190479239281,22.0
50.92961779748488,13.0
58.99774894714422,24.0
60.43648169249458,15.0
59.13035148693807,20.0
58.12366643726944,28.0
59.377348805385715,17.0
55.036059051010085,14.0
53.54352096243423,39.0
55.02473161033103,15.0
54.697600209870814,20.0
62.0480197692236,36.0
62.03974413901875,19.0
51.707224605071325,28.0
55.48463395003695,45.0
60.317107101479145,18.0
59.38623273565129,18.0
57.162693246967336,15.0
54.52439278184183,17.0
68.48253533034499,18.0
56.17692753328578,17.0
55.03605561428658,16.0
70.9186997473214,16.0
52.633961155796754,17.0
55.21828444152142,23.0
56.60879651934515,14.0
50.84931875274397,17.0
55.45231843890068,22.0
51.30260883642242,26.0
58.423225005033046,22.0
59.37865819704188,17.0
55.990045382422466,19.0
56.31597049293174,22.0
59.08946478737536,17.0
57.13347766043438,19.0
59.853740544478185,24.0
54.524399655288846,6.0
54.617287418235875,16.0
57.83957656201081,18.0
47.30282286021326,25.0
48.394030687812894,25.0
53.55715788130998,18.0
66.59472592433576,108.0
65.7088399875762,38.0
55.250926441390845,16.0
55.037024770315554,20.0
54.639089992164244,16.0
55.38491741748152,29.0
56.769068120093806,16.0
56.642290826644306,15.0
58.999769740566336,36.0
50.175418513704564,20.0
51.40731892823351,15.0
49.8939680420993,18.0
54.62794813455457,19.0
56.23031015951992,35.0
59.14424959680035,22.0
53.77700164732887,19.0
51.70298368826369,50.0
60.526035833639824,16.0
60.46307162226819,45.0
61.14545369492285,23.0
53.63107836722192,61.0
54.07829232374,28.0
56.39538286300784,6.0
52.41414144684242,14.0
52.26621112020738,16.0
52.14383283284683,16.0
56.22059110544214,31.0
52.75151084662998,11.0
55.99525889198258,27.0
57.68858067800753,52.0
63.04039086548559,27.0
55.44338639450601,23.0
51.87230761872977,16.0
51.864856802166614,10.0
54.097441747120975,20.0
52.126876039063326,19.0
53.101438034112086,15.0
52.19345912028783,14.0
52.901877810231476,14.0
48.31764607114645,55.0
58.618712711557876,15.0
56.29914085791799,17.0
51.03877157279051,16.0
56.24247616073467,17.0
49.870581138634215,20.0
57.68647052977424,17.0
53.23583454357659,15.0
58.282937951477564,28.0
57.28467631112457,32.0
57.16259358198563,24.0
55.40226943446833,27.0
53.13259193270298,15.0
53.75792783186506,17.0
66.00567495196051,15.0
51.54812836376206,11.0
61.7609468179609,17.0
57.252549819781194,28.0
53.10236594945897,10.0
55.58609977485743,7.0
55.498490819217146,11.0
55.64965166594876,10.0
53.52352954179405,7.0
56.18760543322201,14.0
56.1876501106276,9.0
60.740631722863526,14.0
54.19498970714349,12.0
56.35829030619686,9.0
55.764785340156564,16.0
57.127621483578466,9.0
55.3035289313889,11.0
65.73782015854893,13.0
67.39708401461957,16.0
67.39691217844423,14.0
68.6502508742098,20.0
65.75326651235112,14.0
65.95576685319196,14.0
68.05428005905324,16.0
70.95737835203086,14.0
71.61164630803655,16.0
71.52686921256604,12.0
71.13782351976556,11.0
71.88926139620801,13.0
64.6680884161445,13.0
68.63902653523596,18.0
71.00517114748087,20.0
72.93419374178598,9.0
82.50991840652443,10.0
79.25974755452769,13.0
66.87996882033099,32.0
70.87071105863149,47.0
70.30940991021347,47.0
74.51175808828661,63.0
80.0423925987754,101.0
83.63985638968613,94.0
85.21825972631291,71.0
78.018329993427,76.0
76.343505942088,74.0
70.87328172781471,82.0
50.76595071391131,37.0
51.91723934186021,52.0
54.63334379046055,58.0
57.327133593329975,43.0
57.59552451560866,59.0
70.01420738949498,90.0
73.22334762913216,73.0
76.23924262433283,63.0
74.18029813456933,54.0
78.92997159532884,60.0
87.60794525019507,31.0
75.9328157646405,7.0
64.39660100598601,10.0
56.18518254314958,13.0
56.178584034016154,50.0
48.97051699904656,1.0
54.74949817154993,7.0
57.00863180559582,7.0
58.09073575262543,3.0
58.08581436456341,16.0
59.01801186894146,7.0
68.60301998305317,19.0
95.5348161091608,65.0
93.31239183725485,140.0
92.2222506827137,125.0
92.02804916996138,84.0
84.14131215331511,83.0
93.87184746514961,69.0
64.83930941798644,56.0
92.44491127323701,126.0
64.42267542723357,38.0
79.81762572633274,15.0
76.55421317866356,50.0
64.93247727389928,96.0
75.11303864126148,28.0
74.39530986733737,11.0
68.31750730426265,13.0
67.42002929911402,36.0
67.55823541658602,36.0
68.4186053996679,33.0
63.34570594512342,49.0
61.57317627407103,33.0
59.94392704274871,33.0
60.24982636538273,34.0
60.37824297594506,12.0
59.26692687910601,12.0
59.62418116110503,17.0
63.43489923030043,18.0
80.62921056005196,21.0
68.33626837788734,12.0
83.89608431788312,52.0
84.30000071329836,60.0
77.78049283189681,13.0
70.30940647348997,47.0
72.15027539147893,74.0
70.57859815234578,72.0
74.12531227681919,55.0
71.95937227411244,66.0
71.3191656723356,69.0
70.44426865898967,69.0
75.42259635606868,69.0
74.78783352432693,62.0
76.29219566012858,69.0
80.94852427371464,70.0
75.75424361121709,76.0
69.86074050129017,92.0
51.347994207055784,9.6
35.783338071590826,10.0
43.642911655228254,38.5
38.80855517930422,38.5
42.87673882674957,45.5
38.80855174258071,45.5
42.876742263473076,59.5
38.80854830585721,59.5
42.87673882674957,52.0
50.01992739535414,52.0
46.49617917571622,42.0
48.504645070609,42.0
73.52139060182918,64.0
67.88503689158956,77.0
61.785230706261316,60.0
53.39137377605611,69.0
76.50224991923781,29.0
69.1475671043746,57.0
56.2301555069621,47.0
47.1531638616542,44.0
43.152632116444025,46.0
56.178577160569134,54.0
47.149276927367794,3.0
53.862428283542215,4.0
47.14734205203335,2.0
53.86156566594197,5.0
57.384612793984445,11.0
59.87960532559182,9.0
63.71116024941013,13.0
66.42307876877895,17.0
114.80702159250295,129.0
119.14347587690423,127.0
112.1547886502801,134.0
127.61437727468923,118.0
116.43247496271178,130.0
114.47891759929026,134.0
117.84260729503694,127.0
115.47212038264094,127.0
123.0188387152662,128.0
112.67675649816056,134.0
114.40485277099103,135.0
116.05481341652823,162.0
112.08532387639498,132.0
105.82555883215721,136.0
127.92829790998857,112.0
116.1320915813065,131.0
116.6481087424346,128.0
112.22145077614525,132.0
116.30611694953015,121.0
118.02140283548829,133.0
114.81200484158809,136.0
116.77292366676161,131.0
121.48693983236475,129.0
112.48741708998975,131.0
116.11617611474561,129.0
112.70987448423571,133.0
115.60588109825665,131.0
113.38464421432238,128.0
117.54926576009748,127.0
116.79101114257892,131.0
114.8702916722667,132.0
114.21023111878996,132.0
118.05059436495671,128.0
119.21577079259737,118.0
117.4410261532447,130.0
116.47620039589127,124.0
116.79368491346736,136.0
116.64066479931846,132.0
114.62968665954207,132.0
118.72312678804032,132.0
107.19002913760669,133.0
116.79690168666991,129.0
115.93291627045868,131.0
113.05522567436824,136.0
116.62710348835986,132.0
115.56593262421136,109.0
118.03038986745909,124.0
114.45013503991918,132.0
112.1600726126721,135.0
112.15583685094973,134.0
116.00417329565269,136.0
114.62047280381982,135.0
112.21972554094474,133.0
118.43448669085842,134.0
118.8784013928098,128.0
117.45416818393545,132.0
129.43377526256825,108.0
116.05262422365428,129.0
116.2147997692258,133.0
121.65195754827656,127.0
114.19651859199706,132.0
118.05059436495671,128.0
117.1489287122148,133.0
118.63889956833091,130.0
116.05445943400701,132.0
119.01410385720698,132.0
127.61778994113168,115.0
118.93968504638653,132.0
114.70725350909493,136.0
117.92356275396769,132.0
114.51282087668675,134.0
116.65597196581861,130.0
115.95798029499518,133.0
112.70660959690406,134.0
112.03633853788804,133.0
117.75419414609601,134.0
127.19170152401108,117.0
112.8078554714201,131.0
116.04585731506901,133.0
117.68870050622323,134.0
116.03438209527916,134.0
116.54354986645782,133.0
112.60616104224164,133.0
112.52167606826922,138.0
119.27601999239847,130.0
115.59459146153617,134.0
118.9820839042923,131.0
114.61730758146987,133.0
113.1186813372014,136.0
114.40118578700907,136.0
117.9706974168661,132.0
114.206313253992,131.0
118.08566956506908,133.0
114.80686693994514,132.0
117.23160596962254,132.0
127.61399923510346,112.0
116.57457316955546,134.0
127.18427820123597,116.0
115.06994468768201,111.0
117.07071232191912,134.0
116.99192887224478,133.0
118.14918021547832,127.0
115.72422810894349,128.0
116.43489441606071,129.0
118.72312678804032,129.0
113.5413880183911,132.0
118.44354245729936,131.0
116.11632389385642,132.0
118.10329308321295,126.0
115.55954375521185,143.0
127.6133806248722,114.0
117.1731576129391,138.0
117.0771389948772,124.0
115.97537011594056,132.0
114.59698623537302,132.0
116.04421456123266,114.0
116.97326746360181,130.0
117.16781350788571,133.0
107.15095359133217,132.0
116.74542300525864,132.0
117.7882383291563,131.0
114.70534269082503,132.0
116.48765155861658,134.0
121.9987985580494,127.0
114.97764460445467,131.0
116.31908027059853,128.0
117.98811129487605,133.0
128.35455472656102,126.0
117.90827964453209,134.0
116.79217962857129,134.0
120.63007530726,136.0
112.52541006835956,132.0
115.4734710149792,133.0
116.13296794580079,129.0
113.72344672781234,133.0
119.00597256938943,112.0
114.80057086248033,133.0
118.061557512944,129.0
117.94515568776214,129.0
117.42094881451686,137.0
116.74104461951073,136.0
121.13012201425111,119.0
117.18246769691955,138.0
114.94511945318447,134.0
114.81170240991948,133.0
114.93066115739056,133.0
117.34312421070098,133.0
121.81710929640515,134.0
118.55708149179992,138.0
107.19044841787453,138.0
116.12273681992046,132.0
116.69767660557598,133.0
119.10603277429554,131.0
119.41679849741546,133.0
119.11318115919009,138.0
114.67306154692383,136.0
114.41998810131582,135.0
117.47729389641401,134.0
116.43247496271178,131.0
115.67260852186844,134.0
76.55363924583789,53.0
87.47649680511391,31.0
62.31793487837763,57.0
75.92699051829614,53.0
78.86522114691445,88.0
76.15841432417184,52.0
68.71938915936175,53.0
76.5300822245592,52.0
78.5968104634756,57.0
90.2173387895176,41.0
66.41116880346546,49.0
69.91631232039826,46.0
76.9011676003121,76.0
87.90650265744205,6.0
75.82399019642978,26.0
68.37600721179871,41.0
68.35716709353336,65.0
68.0442637283921,36.0
66.41119114216826,65.0
90.41801251181447,46.0
66.37065498840326,66.0
68.33237800687742,64.0
73.37863941751918,93.0
76.90098545396624,76.0
97.91130697752351,83.0
73.37864285424268,77.0
78.24497417608535,77.0
84.00479045995198,85.0
69.91627451643969,61.0
92.83764628872224,46.0
68.33239347213319,62.0
71.25008409312152,62.0
78.24500166987342,91.0
81.49925577898689,56.0
94.78387999435037,69.0
101.70099745394137,111.0
103.83057520358237,71.0
117.3746802059422,107.0
106.59395865746842,106.0
109.17084143680043,159.0
110.18001639264989,172.0
93.70580560563272,36.0
100.11006768972204,80.0
103.98359531773127,215.0
102.43478088172839,132.0
108.28911393548435,159.0
109.90917680487246,183.0
109.14447489405478,177.0
105.52623739831557,102.0
108.89357345770318,173.0
100.17317452511921,164.0
106.00187477659827,162.0
110.61700609673467,175.0
108.18833545536526,151.0
107.62313706249031,135.0
50.94872941690727,8.0
49.35086606301258,4.0
52.07807456526402,7.0
61.65034446369707,10.0
62.49168530872072,15.0
57.33693856549543,9.0
61.64363082432615,9.0
63.67754737514997,9.0
63.67362435526674,26.0
64.57394453075567,10.0
64.57395312256443,11.0
50.323056718841514,7.0
53.679189059596325,6.0
59.493341660470264,9.0
53.679189059596325,10.0
85.2981588223557,127.0
85.29816268866963,159.0
86.76284849596873,143.0
85.19011210160976,130.0
84.76952330128123,120.0
84.00415552528405,123.0
86.41633504890515,109.0
99.57416220965897,114.0
102.2710038230026,98.0
68.72812702887828,86.0
78.17020911537158,40.0
96.68933267966364,72.0
53.90618121050976,96.0
88.87833503484538,104.0
83.51038384582628,56.0
80.76470768021957,77.0
87.70641575568399,34.0
88.35289781458461,20.0
88.6004095675822,46.0
87.180167898266,19.0
68.11092585425726,36.0
67.74585302627983,42.0
69.00928881570894,40.0
72.23634641334984,79.0
72.23645810686382,53.0
70.72844788905948,71.0
71.07552775111604,76.0
75.45118645892336,49.0
68.56509230243,103.0
64.06114242446836,38.0
65.76294948083208,31.0
93.93865737012557,100.0
95.69698306292355,96.0
96.38824133321592,91.0
119.16495539882295,165.0
119.81833152507859,198.0
119.77419368507827,211.0
111.75100456871988,166.0
109.56179622950904,196.0
110.04212817210228,213.0
105.67928156952902,124.0
106.15478663395669,124.0
103.60983960781341,105.0
109.52791529081534,158.0
98.68362294927094,188.0
100.54230956028192,206.0
65.94871641491736,48.0
67.56925011542593,80.0
70.88989141252402,82.0
65.28890330553313,58.0
68.58570405166319,58.0
65.88202164017889,63.0
70.80589101656608,62.0
65.84611475297781,55.0
80.41107398643517,50.0
65.33194654909647,66.0
67.09860457803715,61.0
65.98845009374347,75.0
70.5072586457876,76.0
67.2627012520491,78.0
74.75003987592052,136.0
80.33474521652572,136.0
76.63286775120636,129.0
73.47964472138973,133.0
76.07812902632496,140.0
78.33216127391516,148.0
80.33471686355678,143.0
82.77459723782512,140.0
90.38234490648757,126.0
96.3530973986334,118.0
82.93249664017308,171.0
73.02784961243682,100.0
73.01299093835433,100.0
53.627748182143634,43.0
60.388243841350416,45.0
63.73556098630978,45.0
65.80929885240914,48.0
63.714674299196034,51.0
64.08707937677563,83.0
52.68183471424918,46.0
54.21466494922103,45.0
60.795944069346845,41.0
65.96901714067317,13.0
69.95466959145982,51.0
52.05534407598876,17.0
59.157439741620195,42.0
55.86489709591529,18.0
53.36748167423549,67.0
56.029732665481234,58.0
57.33671517846747,39.0
58.76370120287093,56.0
60.5423430866805,43.0
73.34307620266881,29.0
65.06142485824344,84.0
60.53673091719359,69.0
71.46606841864205,64.0
75.66566549954784,86.0
84.06612996028568,281.0
72.21806304429263,88.0
68.72969073807396,110.0
64.55685885984064,81.0
73.68256090577492,38.0
90.8971330093715,28.0
78.31105549567783,57.0
61.60467900009789,40.0
66.88395541959909,61.0
62.56726916881003,40.0
63.12095110121304,60.0
68.77789937706831,38.0
75.7818611213193,104.0
56.019315956531536,42.0
73.7023272210254,44.0
58.09879143252582,45.0
66.97406459159072,45.0
54.844324246554905,43.0
61.44627869529879,144.0
66.71128583879896,146.0
55.376109095133096,27.0
55.35599738917017,26.0
55.81146291882855,28.0
55.758197141193655,27.0
55.85091650468884,31.0
54.97343163854214,28.0
55.52646231184057,30.0
55.77630867407551,32.0
55.10608229246508,25.0
54.938397679111844,35.0
54.87408627212547,33.0
55.16564414756479,26.0
56.02789058168149,23.0
54.99045029334877,26.0
55.773081590702446,27.0
55.580040831314605,21.0
55.622529044031566,29.0
56.26435090585669,25.0
55.794791373096125,26.0
85.09618644816362,20.0
84.45387914914313,22.0
84.71115398923844,23.0
84.10556636252844,23.0
84.66244444779294,20.0
118.29754700599875,89.0
121.89439089790693,79.0
121.24444462171127,79.0
119.69717671128655,119.0
124.16323327586008,106.0
124.30087061559166,106.0
120.43088624951815,158.0
119.67222953534926,160.0
117.29965653178452,173.0
118.43040730005563,171.0
61.058222778868334,43.0
61.08063021613393,65.0
61.08172653093267,63.0
61.05693057082971,39.0
64.56645762859569,41.0
64.60595245513805,77.0
64.60788389374898,77.0
64.56418595435755,36.0
64.56415158712248,38.0
71.16406118537971,43.0
109.11466303599336,83.0
105.59994308900832,61.0
63.31965901766391,22.0
62.3321440117173,29.0
65.90788470293077,27.0
64.06793682684167,82.0
65.82945867250116,47.0
65.67490062458289,12.0
67.10933574718774,18.0
69.65036147180955,40.0
71.5955005810007,85.0
72.08943507523462,122.0
72.17528099171582,169.0
72.19585665535219,169.0
71.69102087415409,178.0
71.70171080262259,182.0
102.61946524790898,51.0
106.66045410224349,73.0
116.05171349192493,73.0
103.74856295217322,87.0
118.8731363323971,150.0
119.27157287218043,166.0
80.87134749227984,73.0
86.87478537292935,114.0
79.4449414149682,80.0
80.80521548101564,90.0
86.85439872908587,141.0
79.42202792016619,100.0
80.65686157820835,91.0
86.78561700399777,119.0
85.4820037688197,100.0
73.89621341439596,68.19304
76.88960130734932,22.481222
83.39334407884341,33.016483
77.9438321379659,81.63169
76.90693785908036,71.98142
74.25469460668698,66.11497
77.85503235763044,44.080494
78.7041066897257,48.64595
74.82726820820793,54.507336
75.27960116438969,65.19184
61.153844455365174,14.0
63.3279587049333,12.0
61.09678109825505,15.0
64.90325481391932,11.0
59.73037935419464,11.0
57.45379060145673,15.0
59.10133523036852,13.0
55.64199120925167,15.0
71.48863566355072,13.0
66.96614466226885,10.0
66.40566317240726,35.0
67.65690718519532,40.0
66.48169380655249,27.0
66.28283295590555,28.0
67.72433570040253,29.0
85.67027994065553,50.0
101.42983825087781,72.0
87.81534786232342,84.0
93.03202822945869,128.0
101.4146290309976,87.0
104.45717409863326,93.0
102.75304897226407,97.0
103.0193245912242,171.0
87.81235103942532,66.0
102.75305069062583,78.0
89.96840917327815,89.0
92.11571955703435,136.0
93.01038975907777,66.0
103.0193245912242,74.0
92.11572041621523,78.0
93.86455989295303,73.0
99.99785179377167,123.0
99.99785007540993,73.0
94.36715321206282,66.0
94.3876764656657,75.0
94.35748570883764,70.0
94.51833296077372,84.0
92.48278052956057,63.0
92.40071586811794,72.0
96.46696635859061,71.0
99.5877218022558,72.0
99.33176322726368,74.0
104.29730115781142,70.0
100.83515277031286,68.0
115.46700310133903,75.0
85.85215220782652,47.0
70.06025261104169,18.181812
68.7718249682697,23.088564
77.95497055885207,46.110794
71.37586645511574,41.246895
72.50038472530692,38.116432
68.73401069952226,100.0
68.73401069952226,90.0
68.73391790798756,100.0
68.73392134471106,80.0
68.73417566225058,77.0
68.73417566225058,70.0
57.05615138152702,11.0
67.63246692597534,17.0
66.71675194753684,15.0
66.35867800698139,35.0
63.96453268996325,25.0
63.17714153055239,13.0
62.99973786312137,28.0
61.57315393536823,31.0
67.52597661138762,33.0
64.11492542899106,62.0
39.657608031877565,62.0
39.67180169996145,129.0
40.56961478565202,157.0
43.26088203346731,181.0
43.64126890139191,113.0
43.64148541497285,138.0
42.85687112815564,131.0
41.80739543410143,181.0
41.80937155011795,209.0
40.565717541195085,182.0
41.34400138331242,125.0
41.36142213476936,133.0
41.363044268264666,134.0
43.237292363315305,132.0
43.259589825428684,132.0
40.282239402720705,131.0
40.41971521644747,132.0
40.432695721133385,173.0
42.048426600540935,134.0
42.05959595193867,187.0
38.73511239795976,185.0
40.58375346615979,174.0
39.38456722269392,122.0
41.5551949162642,122.0
48.575754316692205,122.0
44.46146014995352,120.0
47.905163642390036,120.0
42.00238481571774,128.0
43.39096201820703,121.0
38.01141059858051,131.0
39.30096548666278,115.0
47.125790358920995,102.0
50.71154394407209,101.0
52.7537859575916,99.0
44.53710587106596,103.0
45.42027851461674,99.0
42.55736067452113,113.0
71.11240035762258,46.44
73.10857996597785,43.04
71.92513391617402,43.71
70.85384018293566,43.93
72.09053482675685,48.2
78.5964040709209,80.44
76.6671610967209,44.88
73.02428401179831,49.38
72.58534224876155,43.76
75.79368860526861,49.2
72.75807197222306,42.69
81.63690686561252,44.14
72.59421415049486,41.11
74.16254917601746,47.86
77.4146914185359,49.57
80.64087394045382,60.22
72.7279886130046,55.5
77.80579570871706,59.41
75.0007196436059,57.98
74.74065590238467,54.81
71.26799973276349,64.49
67.6471417353502,45.24
64.93480393571352,37.0
79.74220596979089,109.0
89.97069717195292,133.0
85.69052825637786,198.0
91.66851634027722,183.0
87.37514310339785,191.0
87.33917349599277,183.0
70.6742060819486,92.0
77.82020245365837,89.0
73.1094391468546,40.0
58.55270012643554,28.0
63.10493940639395,52.0
73.67524583979028,85.0
80.77436745081685,86.0
64.64139710302743,80.0
74.87561947122782,89.0
70.19537083244265,47.0
77.52483840693505,50.0
61.26400519065835,79.0
79.07205433691674,48.0
83.32941801448025,78.0
70.46368099171892,81.0
70.30196081201207,83.0
86.25233030724702,63.0
84.91463422586921,64.0
100.68390428713181,72.0
90.89410439678096,69.0
78.0001093445738,206.0
85.44986267140142,201.0
79.30321265590152,132.0
66.75437032304438,48.0
56.038358841483785,21.0
81.58383182613227,33.0
79.85590395275364,26.0
79.85468305672778,24.0
76.11250485320366,33.0
74.874356475339,26.0
92.63592092903222,28.0
92.63542947757072,31.0
77.30668379051986,26.0
70.03070709905205,36.0
66.23871401788452,36.0
68.27186589772802,35.0
57.58762692498959,37.0
64.9562954861645,45.0
66.89528629700165,36.0
67.27782627220338,35.0
67.25602197991326,35.0
40.246940815580366,97.0
38.22103011216609,35.0
48.2990946376557,64.0
42.87740211438642,66.0
44.75069136357861,27.0
44.39271193291962,24.0
43.03245333212796,23.0
44.02455636395641,20.0
39.31319334890067,17.0
41.75777258338395,15.0
45.693841705773444,24.0
41.514112323461596,24.0
41.92402751975828,23.0
46.636046949003855,25.0
47.14248596171797,27.0
46.92927163534407,24.0
51.50160543764789,79.0
32.08943423439814,23.0
49.07768091144164,55.0
86.95441597494816,45.0
49.55528237720857,43.0
49.84781628212389,43.0
48.81409796534924,54.0
49.09862430449326,54.0
48.535125371392525,54.0
82.44665133389374,40.0
45.78001411098781,24.0
45.95916363396038,24.0
46.16194750449055,24.0
47.302943145536005,27.0
74.4214633332256,21.0
47.996528936823466,21.0
48.262844078103925,21.0
48.54654216688276,21.0
45.19013145152388,20.0
45.38087991633256,20.0
45.01008838043949,20.0
47.95815791886788,14.0
47.70673410054323,14.0
47.45943435042697,14.0
44.879606299049456,14.0
45.04784766161083,14.0
45.22571184999179,14.0
44.71599763977551,14.0
42.32009272032178,14.0
42.42238679550746,14.0
42.52731683762299,14.0
42.638793838019346,14.0
42.22583370469546,14.0
74.43156214525091,19.0
73.93738536200975,19.0
81.81910046643141,26.0
80.72782648190427,26.0
76.31854673761846,26.0
70.71316134290038,20.0
71.17205500425698,20.0
70.29255278141167,20.0
79.62210623011548,18.0
77.6685192249537,17.0
70.02073716415828,20.0
69.62224391843708,20.0
70.42258293366054,20.0
74.73233387641248,19.0
74.23023200876419,19.0
72.2875037611132,17.0
40.90142013008175,21.0
31.32402092181451,24.0
31.33592573204274,24.0
31.31526415031869,24.0
74.43399362713211,22.0
73.9408049018992,22.0
79.41623790023777,20.0
78.52806482398432,20.0
78.2347258665875,20.0
72.69149920116908,20.0
67.22900933314828,22.0
66.88250855900264,22.0
73.99710874311428,20.0
55.74281436677635,21.0
55.86055307740245,21.0
55.769490214637635,21.0
55.900951762227166,21.0
55.63564014421075,21.0
76.23367341388975,22.0
75.54600222375782,22.0
72.47497702841972,23.0
72.00702931898392,23.0
71.4406590033931,30.0
71.09324062407109,30.0
66.78829422078192,20.0
67.15735880311273,20.0
66.43774154962153,20.0
46.947699346788575,18.0
47.19739792991272,18.0
46.75354165226096,18.0
43.723678094366115,18.0
43.85136611954496,18.0
43.98618878272433,18.0
43.60680200134027,18.0
41.56131228410665,18.0
73.1051380873856,20.0
72.61802205258955,20.0
60.322915164205966,22.0
64.24878924631196,23.0
59.7568936760511,24.0
41.598126466313566,19.0
73.18351428532435,24.0
69.47460227657662,24.0
64.62601948369539,24.0
60.16713536108095,20.0
39.038578520350825,18.0
78.24022118747519,18.0
74.7715537650743,17.0
59.48241287971803,17.0
54.188673009337634,14.0
77.04329330094384,21.0
73.17057330295876,21.0
65.52192518783957,19.0
71.24785709628898,16.0
66.6443281547122,15.0
72.97120897231805,22.0
68.20048686884951,23.0
67.54381836147418,18.0
76.7091492661676,21.0
71.39593004694957,19.0
67.42478400608594,21.0
53.776575493614004,22.0
61.536927432881015,21.0
45.809707402088236,22.0
41.68539174960315,22.0
71.84611161421596,23.0
68.33571678376447,20.0
63.63888939078156,21.0
59.336090939684254,23.0
59.37181224381595,20.0
68.14250934328653,15.0
63.48354776990368,18.0
59.14321514302475,20.0
76.71261692018616,16.0
72.99386041695264,12.0
67.42442486847946,9.0
59.451571722966264,1.0
63.74739362534436,14.0
67.39733489543559,24.0
66.17532537115977,20.0
61.302965606695395,31.0
59.46019446224531,29.0
57.81888404977521,33.0
50.43746868111284,261.0
51.50384618137445,97.0
49.37991325009369,107.0
49.97418804219956,168.0
51.275994849584265,162.0
51.54266397338594,128.0
50.69022594815821,175.0
51.573731953889165,178.0
78.56859324512143,18.0
78.30249719496454,18.0
84.59265662189817,127.0
78.84539898490698,128.0
85.4630532458117,71.0
80.62877237780482,142.0
79.44205284886057,78.0
48.544538557078184,85.0
84.50927011067667,140.0
82.89232048319545,140.0
84.03296643762405,45.0
82.06899408361458,45.0
83.73147600165909,45.0
91.19890353830229,31.0
88.52650196938342,20.0
37.81242774424908,25.0
38.56919769721262,25.0
41.04919924088249,5.0
38.04434815667154,25.0
41.89871948785278,30.0
37.66243194678633,30.0
40.43445188684546,30.0
40.961432195960874,30.0
38.8247146532341,30.0
37.8128332776229,30.0
42.624493631506745,30.0
38.468649477568505,30.0
43.45124902196672,30.0
46.784358751948176,25.0
39.32187451247933,30.0
42.83206829460567,30.0
42.40901106761824,30.0
39.488497178268915,25.0
39.488497178268915,30.0
41.89049540850054,30.0
40.96155935473063,30.0
42.51290665595816,35.0
44.81715415948037,30.0
38.6085000672386,15.0
39.38620653980675,30.0
41.176416434940876,30.0
41.46551017962569,40.0
42.3235431907228,35.0
42.84671904691598,40.0
43.84467481887685,20.0
44.462663003180964,50.0
44.973476964919485,40.0
42.20448477827002,45.0
43.453125473001535,40.0
43.885032263019475,35.0
42.403000238204505,35.0
42.32374252068621,40.0
45.17704440840925,40.0
42.76674305418473,40.0
45.61305120957103,45.0
48.66296461240568,40.0
42.85146516207914,40.0
45.38644740841389,35.0
44.89017766055697,40.0
42.986933929277825,30.0
42.986933929277825,40.0
42.52568439395717,30.0
44.40903293285433,40.0
43.885052883360515,40.0
46.746860661763364,40.0
47.01210010858613,40.0
47.01200731705144,40.0
46.9607348390506,40.0
45.20352779975414,45.0
42.97480229529813,45.0
44.09190239779946,45.0
44.29989977788974,65.0
44.57638418402739,40.0
45.27084290308563,40.0
44.408727064462205,40.0
45.19960306150916,40.0
45.63449292753117,40.0
43.506415307700976,40.0
44.576504469350134,35.0
46.551627272778056,40.0
44.9831650884857,35.0
46.121132976121494,45.0
49.471879971140844,35.0
44.80563426228492,35.0
46.82131383981888,35.0
46.25580098674305,30.0
44.960279946652626,30.0
44.960279946652626,35.0
45.8385346388649,40.0
45.63446543374311,35.0
47.186884992704826,25.0
47.455891088491256,25.0
47.45584297436216,25.0
45.94887408378044,38.0
44.0657283115702,40.0
45.874582431729756,40.0
45.16112206840135,40.0
41.7172089358309,30.0
40.70510760991525,30.0
38.50256650185902,30.0
39.004245652515955,35.0
42.25348901875624,30.0
39.17043872786716,35.0
41.735430443864985,35.0
39.03208998636962,30.0
40.9803135549083,30.0
41.22806007908047,35.0
43.82739840980719,55.0
44.36353758706874,55.0
45.54810400873586,65.0
45.95880621471565,70.0
43.658129466917224,65.0
44.675832652149275,65.0
45.17393417363542,55.0
43.76471944648664,65.0
43.827460270830315,60.0
46.25571850537888,70.0
44.24864104678293,65.0
46.52504421645146,55.0
44.19151926537318,60.0
46.463086965067376,59.0
45.96160370765035,65.0
44.3660223381643,60.0
44.3660223381643,65.0
45.49422649431672,65.0
45.17389636967685,60.0
46.226953129625336,65.0
44.255242992639864,60.0
45.44048644883786,65.0
45.399379798970706,65.0
41.31531161547603,25.0
41.18278468359934,30.0
42.4928739946359,25.0
42.92043332941749,25.0
41.31548345165138,20.0
41.745802475409086,20.0
44.78368047252224,15.0
41.84441581971877,30.0
43.9903025407622,30.0
41.990992077292056,25.0
42.92038521528839,30.0
44.46476971469075,40.0
42.16928585611139,30.0
43.123918291543085,40.0
43.53468579526951,30.0
39.14490387221019,30.0
41.74731807047567,25.0
42.60346432036745,25.0
43.37770313891705,25.0
38.98758441695405,30.0
41.43734623048587,30.0
41.897788135782385,30.0
40.0100062235612,25.0
39.145336899372076,30.0
43.458998833474986,30.0
39.79935225620002,30.0
44.17654889777672,30.0
47.696441113639786,25.0
40.56209179789521,30.0
43.168516652493345,30.0
40.728236759117316,30.0
42.69254075694523,30.0
41.89782593974096,30.0
43.27348106184395,25.0
45.52347301136124,30.0
40.47296381046483,25.0
42.166862966038956,30.0
41.62173675680661,5.0
41.512225562256255,10.0
42.70542503337295,10.0
42.95858783379214,5.0
41.900324437730546,5.0
41.62197045400509,5.0
41.96981842376547,5.0
44.7785494443263,0.0
47.124384739006636,10.0
42.11493407384828,10.0
44.03592160859404,10.0
42.242003488795866,15.0
42.958601580686164,10.0
46.03533173704589,5.0
46.03541765513356,5.0
44.5863163149626,5.0
42.51651521564051,0.0
43.14396469975938,5.0
43.78251480080585,0.0
46.39650044711937,25.0
47.764000224340265,35.0
48.13886427758913,35.0
46.22847216141543,30.0
46.9094829813908,25.0
47.39015344124948,35.0
46.311352185510096,30.0
46.39653481435444,30.0
48.43214051478195,40.0
46.567202503711755,30.0
48.15975268306463,30.0
46.73944077571176,30.0
47.62144836999367,35.0
47.39011907401441,30.0
49.35012029401156,35.0
49.460861835577425,40.0
49.46120207120462,35.0
48.47362176751137,30.0
46.66461299479399,35.0
47.79514724948415,35.0
47.69766458720827,30.0
42.92315521443503,45.0
43.41289518762866,50.0
43.15403773635838,45.0
44.92658630939006,40.0
45.15834175908419,50.0
42.76892193688816,50.0
43.83666381638204,60.0
44.15502813517592,75.0
43.10680684520177,100.0
42.92315521443503,55.0
43.338091463775434,60.0
45.07301135112904,60.0
43.488059767450125,75.0
41.400439256744264,50.0
44.617721094369514,65.0
44.15496283742929,55.0
46.54539305633637,75.0
46.72756345927159,55.0
46.72782808698163,60.0
45.53812376367156,40.0
43.685674805825776,65.0
44.38556698474857,90.0
44.82711378420363,30.0
45.685885690854754,70.0
45.281861038649055,70.0
44.34412697270124,75.0
44.52138629774497,75.0
44.53473109512262,70.0
46.938533605195424,25.0
47.82238328327708,25.0
48.2516266125771,30.0
48.6593388691058,30.0
46.74813224946095,30.0
47.45637910322925,30.0
48.07072092389245,25.0
46.742695352872886,30.0
46.938581719324524,30.0
47.05372914042635,30.0
48.72172571092826,30.0
47.33524834650175,30.0
48.19645689011933,30.0
48.07065562614582,30.0
48.97070258211593,30.0
47.101468666662,30.0
48.49553775331547,35.0
48.18132843324154,35.0
39.79075357398552,41.0
42.51932301874572,23.0
47.14069199204732,24.0
45.15696706968139,27.0
49.58582797573873,23.0
44.70210984008374,27.0
51.022735820906874,22.0
49.9014841564091,23.0
49.91772954842666,26.0
44.29622935718427,23.0
43.29072654040205,50.0
47.582908952586244,20.0
48.04382168900321,21.0
46.461945972863056,26.0
110.0161654443687,23.0
78.00215419506046,68.0
75.58241430931442,83.0
77.63912492879838,76.0
81.5999191288685,76.0
78.22924429259385,-6.0
42.94561763927674,70.0
44.67110715732716,60.0
43.257015719521945,60.0
45.99625619077137,51.0
43.55415827066014,70.0
46.89058787554935,50.0
48.55701042668506,55.0
77.50113532490731,68.0
73.10342831744087,78.0
76.26064653833438,46.0
73.51662558468674,37.0
76.26687388132906,40.0
80.96908533127612,56.0
48.94230837250115,40.0
49.631041510196745,38.0
47.182760924496435,44.0
47.18801223801512,37.0
47.187661692217404,28.0
47.177671136982575,22.0
48.12502115530295,53.0
90.65391265005803,19.0
69.97013141051778,19.0
81.13555935877402,18.0
48.34657984635183,58.0
75.18318904148623,124.0
84.64159384627601,23.0
78.32414339797334,22.0
77.08093229679244,24.0
77.06844496192977,24.0
75.06346218631134,27.0
68.04473112278905,17.0
71.66491724075672,21.0
69.56524242235008,18.0
72.25185462817515,19.0
67.89452912191588,17.0
65.9756225232536,25.0
67.79109233616414,38.0
39.949808574612696,25.0
70.70407464594788,30.0
48.12530296663053,20.0
77.05661919634221,30.0
75.68128197116361,30.0
73.85146211924965,30.0
75.74479090321111,30.0
72.31529654411426,30.0
69.39334094925375,30.0
72.27801496751039,30.0
41.118352991290216,20.0
47.47715409682903,14.0
48.41326946600505,21.0
49.40890544959869,15.0
48.54514685713892,28.0
47.55912682591784,17.0
49.759207239943066,16.0
76.55570643502735,28.0
60.58099935268717,26.0
21.301682867990806,24.0
32.70647044629083,14.0
18.9113866813005,17.0
55.26004063213139,19.0
55.44001496874564,14.0
55.521881159405744,22.0
55.32485036402628,20.0
55.39838593690543,18.0
55.362417188681235,18.0
55.185886449020984,17.0
43.83586993325193,33.0
44.342638871422714,39.0
45.25214025376057,40.0
44.85576918480495,38.0
46.48926448802015,42.0
45.194712603958706,15.0
45.4518585669225,19.0
29.758125969981876,13.0
68.88581249518792,14.0
49.20611470562151,35.0
52.832493799348775,39.0
49.07226463519462,140.0
36.70258256507101,164.0
50.88896135839714,165.0
64.29057121234824,21.0
70.08028870908745,22.0
69.92452265285647,24.0
71.82916513060296,22.0
71.36449777375461,24.0
70.99058397455543,21.0
70.45995386507559,28.0
71.41330783936269,17.0
70.38562784578983,24.0
71.15020947128477,24.0
70.07336542958262,24.0
65.36346302201736,41.0
49.942267754266595,29.0
48.92423808030138,86.0
50.1444776919711,30.0
54.914838939471394,16.0
64.07219836399035,26.0
78.65520383258293,21.0
59.88850643947494,30.0
46.47463435605088,14.0
46.315967705179986,18.0
66.10372467361506,26.0
68.0321286576889,36.0
67.88901489904892,28.0
54.18408154673229,19.0
42.48175963081428,40.0
42.557800575130024,35.0
48.18594051618793,42.0
76.97867430720359,43.0
73.5400434186634,33.0
73.0562180466253,33.0
75.58365840322395,31.0
74.5329351785367,30.0
48.0046499144705,20.0
74.39176660540167,35.0
73.47635921371705,35.0
83.96358801141706,20.0
83.48273067971769,22.0
83.7957654995331,23.0
83.11501844808689,20.0
81.9632564114749,84.0
83.43450056120142,80.0
85.52760264590093,84.0
85.4012111246651,54.0
46.511754406649914,50.0
46.19605698529747,36.0
46.95181310482645,51.0
46.58054386436591,60.0
77.35030096690886,177.0
77.45592866389632,178.0
89.68897820632368,33.0
76.87874126106723,46.0
69.78863116866643,53.0
75.95735568884218,62.0
80.9079640628851,68.0
79.30990223820788,54.0
46.83204672733122,65.0
44.75833807338167,48.0
44.59240275229349,79.0
44.617855126586285,53.0
43.50754942645829,30.0
45.409511259869326,78.0
46.11019044847522,34.0
47.06047542867058,57.0
45.74827253267721,31.0
47.38419072596485,-48.0
42.37106620337752,62.0
43.758261843016996,58.0
45.92060359621191,47.0
46.98049256249231,38.0
46.103969978927566,39.0
46.9390628606155,40.0
44.75833807338167,39.0
45.82437877473959,54.0
44.529380116622235,32.0
45.56471025672166,47.0
45.03400453932466,29.0
46.1235421192999,46.0
44.75374317405282,45.0
42.53577805089721,184.0
46.024526678339896,172.0
46.20279640009468,139.0
41.13678070273471,112.0
45.22579776807947,48.0
44.11558829620966,84.0
45.64450410310704,35.0
46.13614114767653,39.0
43.84392217642881,81.0
49.55355026856105,79.0
43.04977785532671,69.0
49.55177004578442,67.0
84.40823430588499,41.0
84.07625970282254,41.0
83.83681716182414,40.0
83.69875624592031,42.0
83.7954553352366,41.0
84.14523388442703,39.0
81.36138646041859,108.0
81.77208179295135,84.0
99.42863587111707,118.0
82.80854862935071,75.0
80.76862898174106,122.0
84.18771694205873,161.0
83.95659384948989,140.0
97.05485485923961,109.0
82.96303923157016,104.0
84.15809066706669,141.0
88.01339335031832,142.0
86.41436451756432,108.0
100.18971375699662,102.0
86.09054611856484,104.0
83.55304475389947,159.0
87.51227954067829,165.0
85.11632564791459,232.0
101.21871860748142,131.0
84.80389869856948,191.0
87.23141932633537,197.0
90.65727419523832,169.0
88.85093790463806,127.0
101.86890889104608,81.0
88.96848759547127,173.0
102.13998045766022,101.0
104.03667723065854,116.0
104.72689503290914,93.0
103.00572375794528,87.0
91.61117160142996,144.0
93.45436975877578,151.0
93.27469785383015,99.0
91.76174863475582,97.0
89.31773130456594,127.0
91.49698989963359,148.0
92.66238026331257,102.0
90.25436862612457,101.0
91.49655945001435,137.0
94.60658114698631,112.0
92.52754557160092,114.0
94.11547163947515,165.0
94.23264844580785,142.0
93.71386815898012,151.0
95.05575403590339,157.0
94.39943435596402,160.0
102.99852382219812,82.0
103.00483708328046,90.0
91.50225324168456,81.0
91.74468916885755,93.0
92.50006724880076,98.0
92.52235611910537,100.0
94.01467082065327,138.0
94.0247833795726,121.0
91.61212872892665,145.0
91.6044966251985,105.0
91.76374279357076,163.0
91.75652309666344,113.0
91.50170336592343,128.0
91.47551811034278,120.0
92.53397224455901,183.0
92.50684790428005,186.0
84.82771304452076,49.0
86.07423800634328,70.0
88.8971334828382,109.0
84.61116681470683,38.0
84.86104024113939,50.0
82.57896690727476,29.0
85.6871589785697,34.0
81.05081834890032,29.0
85.60484343631106,34.0
88.31478820241077,105.0
85.14582089782293,25.0
87.09252887129503,64.0
83.69810412763486,14.0
83.54468836069222,9.0
83.99594819995892,17.0
80.77799491247849,103.0
72.824742689897,88.0
75.19817487433848,84.0
82.01389910989309,55.0
97.09676398404565,154.0
97.09900472777221,106.0
79.28889526577139,30.0
73.4990123767134,50.0
70.36431328659945,117.0
72.23866963844057,121.0
80.84675687640642,123.0
76.21967735740752,138.0
76.11471982150393,107.0
83.54618462418907,138.0
83.0562259894623,172.0
72.96321515344079,110.0
70.64828631325885,111.0
68.51161172957592,119.0
85.16439939551131,74.0
79.93397084557675,85.0
70.7875217294212,104.0
72.29152988270164,122.0
70.39199609444829,68.0
82.84552347838158,95.0
85.13010089491151,93.0
85.20453903730167,94.0
84.46060567622719,88.0
85.82990285984225,96.0
85.42246382283234,91.0
84.63724553185878,127.0
84.7312278912428,92.0
86.49985688111474,96.0
83.35958342547247,95.0
82.06711591421801,90.0
82.1652189050869,98.0
74.02930912401307,99.0
79.59164654967299,112.0
82.06386133705688,103.0
81.99368430222495,114.0
74.40892616587209,100.0
83.98336162970499,106.0
78.50285817542228,123.0
86.87713480303682,185.0
84.5613295983606,129.0
82.3620744275675,125.0
55.488555251558424,18.0
59.57581958791461,18.0
63.354715315797,41.0
69.05159316371828,44.0
63.79258482109958,44.0
63.726733761982075,44.0
68.24580350501273,49.0
65.96387923903022,37.0
66.02015558645724,37.0
71.31690087154449,48.0
66.34611162747807,95.0
66.39658678562529,95.0
72.23503874005543,61.0
61.27362286139268,33.0
61.323742318656926,33.0
63.131874726880014,31.0
61.442774955683404,42.0
61.49403712351373,42.0
65.93218405648696,35.0
69.87023273161648,80.0
69.91675565773066,80.0
72.75919578080985,70.0
68.6238379356968,89.0
59.9800848107658,23.0
62.95794902363808,15.0
86.89150460320045,60.0
95.57486940327306,65.0
103.49839353792862,30.0
101.98945024969213,73.0
111.8491178697593,96.0
90.5471813352344,61.0
85.49073605366053,83.0
84.3617414511015,112.0
95.65478009825767,111.0
92.16546441143633,85.0
88.88507702718522,88.0
97.50805043302162,82.0
110.5547412585967,59.0
103.49306489813102,90.0
103.4951131853412,40.0
84.26588865494881,99.0
90.54713923537143,90.0
123.55303614374631,91.0
101.88559418367254,50.0
106.82280320235212,51.0
104.99239051563319,62.0
84.29179811346803,51.0
79.62074786514934,83.0
96.85429283045671,106.0
89.54898155590453,86.0
83.22081110780267,104.0
145.64252493409646,278.0
125.05315564437859,257.0
124.84291752056174,72.0
132.74839198335857,105.0
112.4462915381433,72.0
72.5189980198208,70.0
119.77704272886557,123.0
130.53390826111556,74.0
126.10889304866254,106.0
126.35804862947256,96.0
135.39882751918728,101.0
124.04378307692748,151.0
125.92361584767698,117.0
132.6684537945859,118.0
112.9769680433905,61.0
129.38575048828153,67.0
79.51304095044016,71.0
73.71486438837891,56.0
79.28351765266382,70.0
74.86637640335576,67.0
72.67004717303843,67.0
75.79977332423775,64.0
75.51684677988624,63.0
83.64913038806976,53.0
73.87185563654015,66.0
71.45335426002794,48.0
81.84771033044626,77.0
102.6466789429991,75.0
86.4221804860001,76.0
81.53434386681243,68.0
85.75380520958863,78.0
82.28826477598868,85.0
79.96131685452191,92.0
88.6834904252068,70.0
85.03061977791631,111.0
91.35231586852143,95.0
86.14092827038216,86.0
90.56732697884196,85.0
86.22675872160758,148.0
85.12574570704727,164.0
92.04344096577789,114.0
90.59964850424436,188.0
107.99114485234273,178.0
111.31498058394057,175.0
82.55438359443879,96.0
77.27228390657659,84.0
82.35488652035262,97.0
78.76735872669104,43.0
76.18091111624862,47.0
85.09385377208324,91.0
81.29476643441639,110.0
88.34483182451369,129.0
98.47896950115296,140.0
88.31072578043027,171.0
94.55073954508292,192.0
86.32913463377176,207.0
74.58051317876752,87.0
76.84442042176462,82.0
72.55432066402568,76.0
71.93457115892421,82.0
75.7880059829498,85.0
83.45003326268171,127.0
82.74958175700816,161.0
70.30625156131055,52.0
79.17902063771017,57.0
70.56259161261195,53.0
70.98711975726039,53.0
84.981881024321,60.0
88.94635037059142,178.0
71.40986596077043,72.0
75.03033217170392,63.0
82.92868187708031,72.0
82.13579110087738,60.0
69.5979617484984,64.0
78.90827040474393,103.0
70.10331475658433,85.0
70.37937816409236,81.0
84.48300881758841,100.0
88.48266355391864,73.0
101.63361017941624,262.0
98.76469869352444,245.0
91.51322884779458,218.0
84.932561464453,195.0
84.71317478266054,180.0
83.3872606486456,83.0
84.51965545952436,96.0
78.38357465757979,73.0
74.3349524107458,72.0
84.5202268148074,70.0
83.38777486840033,84.0
84.71317564184143,59.0
84.93256189404345,59.0
91.51435695228575,61.0
98.76469697516268,62.0
101.63361017941624,73.0
88.010617766496,114.0
87.59520896767337,105.0
87.61140796392358,117.0
87.61302408315275,119.0
83.64393105499411,118.0
89.44461599562503,132.0
85.91032734499116,117.0
81.9307613315354,113.0
85.4917902685963,116.0
105.53258330827124,112.0
85.0139752963815,115.0
89.59571798846659,97.0
85.86378250976463,126.0
87.64666230324877,97.0
88.85140572862545,144.0
86.16766469049526,113.0
100.08237800842619,171.0
88.92236118133172,106.0
76.5830335419932,176.0
90.5435543031632,69.0
85.70990665146249,70.0
90.32109776809813,72.0
87.61427891682324,54.0
80.65532879952424,63.0
78.80831673826653,64.0
81.74355870620506,65.0
81.89972857744812,63.0
85.67213104585448,65.0
92.8761513388946,72.0
92.87602074340133,68.0
91.40989988924287,71.0
89.4250674827268,68.0
92.85014479293629,88.0
97.78587687968876,93.0
94.65490577539903,87.0
97.37986751965776,91.0
93.8628054456027,52.0
82.53554906084915,93.0
80.96816858528062,68.0
79.84082275082407,69.0
88.43145401091702,52.0
81.72941057470764,68.0
91.40669772211523,66.0
85.60740164737157,74.0
86.86655227217791,74.0
85.82090637688181,81.0
86.98635860158392,81.0
85.92436206461285,85.0
87.02141060381261,85.0
84.84592810869827,74.0
85.80206411066428,74.0
85.34862581828459,65.0
86.45571001971521,65.0
85.32964909025984,60.0
86.46503213222793,60.0
91.79204635960303,63.0
92.96519856332256,63.0
83.97419073302657,112.0
84.52180126376403,112.0
79.25710299578907,73.0
80.42737092930534,73.0
86.11835866272607,87.0
85.18100306595447,87.0
58.20702416593157,21.0
65.58676241352252,19.0
64.30788542537647,19.0
66.69169823317084,23.0
67.2570959560092,16.0
66.6596147008713,37.0
63.711442060737696,20.0
64.02152043915622,20.0
59.570100879998975,16.0
66.30831110562464,17.0
60.30212298698865,20.0
71.27882884853402,22.0
64.6506917217521,19.0
68.54006951857558,30.0
70.23095638599582,72.0
69.06777669471272,31.0
67.06889238495745,31.0
71.49932215529573,34.0
66.11482185381914,79.0
66.05205181732565,79.0
66.2973788881489,59.0
66.22438116249859,59.0
70.67195159132801,47.0
70.62863169152234,47.0
67.47023467446593,59.0
67.51630910816245,59.0
66.11437851648674,68.0
66.17808162341237,68.0
72.23067066447804,73.0
72.19108132803922,73.0
64.98190251301511,68.0
65.06939118333266,68.0
64.98650600415274,70.0
65.06620018555641,70.0
68.58746709082229,71.0
68.65795428995072,71.0
67.16627538225163,74.0
67.2330698219718,74.0
69.84380604620947,80.0
69.84165293893233,80.0
68.91453491189762,79.0
68.91779808086751,79.0
88.6508106213788,75.0
87.18816365030024,81.0
88.52471401397891,82.0
88.82377833794317,74.0
88.93461052309152,77.0
88.28568967927227,80.0
89.67792785147738,134.0
87.85863124694183,77.0
87.41475026783985,78.0
88.72192588172814,69.0
89.646658822649,74.0
89.71225513463655,79.0
88.74241562727684,77.0
88.34420140054537,81.0
89.71273971265104,83.0
88.74276144757974,69.0
88.41136679160908,116.0
90.77574063206703,125.0
90.81453221906177,114.0
84.25688186181786,86.0
86.29140048364106,79.0
83.8869434925354,75.0
82.5830265369174,74.0
83.97019382358795,66.0
90.35396014786244,70.0
86.5924102079055,45.0
73.49539522522228,111.0
67.30508808142261,210.0
71.71487689037788,77.0
66.43656103509689,213.0
73.67685078966805,53.0
74.47961441332569,53.0
73.80998430324374,113.0
71.02063983998585,168.0
73.81260308655607,140.0
71.000813382074,194.0
79.88719188356131,71.0
81.03235197431636,59.0
79.60311145929232,56.0
83.07136475651062,69.0
83.10617747686514,54.0
84.11350261628695,112.0
83.88052283384346,77.0
84.5243062056102,72.0
86.06165830953637,81.0
84.0900701762354,77.0
85.1718338876378,91.0
81.44027301179811,114.0
81.18293201477529,33.0
79.85418645018102,51.0
82.67067888119196,54.0
79.85419590117066,59.0
82.67070422702783,57.0
85.41594521752046,59.0
83.1357659478986,56.0
85.46648309587168,88.0
81.46956936133348,81.0
84.57629652923356,84.0
85.4244133042417,242.0
85.6052872032339,146.0
78.01338368911956,120.0
81.01614524543825,116.0
88.04129009420548,113.0
87.78293891526681,129.0
87.36433933346318,149.0
81.19277135417582,118.0
84.27890524523156,106.0
92.50877590616747,126.0
89.10442461624778,114.0
85.11487105469027,159.0
86.63743966286067,147.0
92.69293531283238,155.0
92.1535338257818,155.0
93.78002852321326,161.0
92.18379761298439,162.0
91.7481916197016,153.0
92.58591832036721,152.0
72.46486790622389,117.0
77.69671410460506,78.0
78.00629372852464,175.0
80.65433644561159,123.0
85.30021398301288,77.0
85.92919925294895,58.0
89.24108764486515,80.0
87.97987348238809,76.0
88.06244720850019,90.0
89.99851315283766,82.0
85.92815062268888,117.0
84.8775425282391,119.0
86.63739541504552,117.0
88.3707657696879,114.0
83.43305713732848,78.0
87.70417415277656,89.0
89.25439721582686,87.0
74.76626808432054,21.0
86.50187294904204,31.0
60.36958586943094,26.0
103.39997265013533,4.0
63.62125040738191,28.0
42.69382265481333,12.0
59.613929414883664,42.0
84.34237809168222,124.0
57.75577205929277,23.0
77.79625192753814,11.0
79.86618748866744,156.0
43.03303757512414,22.0
44.887689472737904,81.0
81.23381872056248,25.0
43.38484465036458,21.0
43.70565591629544,26.0
45.31178459022445,26.0
37.38322909235465,131.0
46.10669873739212,22.0
41.657640207284174,26.0
46.28714390512683,28.0
43.94319537165184,21.0
75.08006671593537,70.0
69.47538756789797,59.0
76.88203192382517,139.0
69.3949648011108,16.0
61.65336190693621,6.0
56.938618874311345,13.0
79.36161375763675,89.0
64.39766295354968,32.0
45.67549991241662,100.0
49.437688008969765,109.0
35.74364047836154,20.0
45.87808101625988,19.0
39.48368920208263,20.0
43.92146153219361,327.0
45.17688631912793,30.0
38.97413995459469,17.0
40.05268001934754,88.0
56.23015894368561,3.0
47.97144772866943,89.0
50.087620538271395,48.0
44.272292577958055,54.0
47.01678436272616,25.0
49.70820282637577,32.0
44.100676352912814,22.0
43.79143997175351,21.0
43.52231015392083,20.0
43.85592321491524,22.0
46.155197779522815,29.0
43.96749300684628,30.0
40.79096727329048,25.0
48.37710482454095,20.0
49.83222043084915,24.0
48.92654755849808,28.0
47.24981140011788,23.0
45.15452355926792,26.0
47.56236765618494,25.0
46.42814236044826,20.0
45.15135490019447,20.0
43.960550825362155,20.0
48.387624635195856,27.0
47.09618298590824,22.0
46.65681163243311,26.0
45.211270737815404,36.0
44.11898034231106,24.0
40.978712041754044,26.0
46.582530290552945,24.0
46.220749843695216,24.0
51.55482653787719,27.0
49.64300130800108,69.0
47.091976436335685,26.0
68.21997824621943,48.0
60.30177244119094,80.0
64.10130053864756,16.0
63.241824103677516,16.0
64.10493659211798,16.0
51.43004598078526,9.0
53.80290079567757,19.0
64.78486140746514,26.0
63.574409584343336,31.0
76.60520384533682,13.0
65.89609502294002,12.0
70.83002540739395,12.0
77.89217990201753,19.0
67.70071853646247,21.0
72.2348737773271,18.0
74.66048229805176,28.0
69.21789449585997,25.0
78.5508795129855,33.0
42.18053081542627,20.0
39.163805851498665,16.0
37.183885382054974,20.0
37.4059595816299,22.0
39.936542821875705,25.0
45.74479456848813,37.0
46.54436547600778,63.0
44.887689472737904,75.0
43.77588879788436,18.0
50.62578050895506,150.0
46.25572194210238,28.0
75.9547317504446,70.0
71.06791197182454,44.0
123.78361623400104,72.0
75.5539032511004,40.0
71.52196672648331,30.0
71.50307505736536,19.0
78.55087865380463,26.0
71.64248746478832,19.0
46.416216929879,14.0
45.803713756292034,12.0
39.93762882650391,13.0
45.20473065298159,18.0
37.16771903467808,20.0
44.63095935331845,22.0
77.56597942403727,17.0
77.41132171113729,15.0
47.87093043953687,24.0
96.62124603190483,69.0
43.67348474754647,24.0
87.33918251739198,192.0
79.45206316525557,230.0
79.44867369669679,17.0
40.59500186219818,145.0
86.24974932789327,205.0
87.93549356817573,95.0
36.63996546277359,7.0
77.75576045117873,72.0
65.89609502294002,21.0
58.71336007694048,12.0
70.9459443729231,37.0
71.65671206338376,36.0
75.09912334778166,29.0
60.675667338410825,18.0
27.964974239525766,22.0
42.16618249478457,24.0
102.31241462290012,21.0
83.80567829889858,28.0
45.555706041133334,24.0
46.57183520699918,21.0
47.34095330752336,22.0
41.92649852395981,23.0
66.39845808157484,78.0
63.91969032164399,80.0
66.60818069686563,87.0
70.24430462009698,53.0
63.459781108491065,76.0
65.17105977484006,83.0
65.93008593678594,82.0
66.04461990274177,82.0
66.39887908020445,65.0
63.91709559539621,80.0
67.82738929148326,111.0
68.83442832367311,73.0
66.39795288321932,103.0
66.04203548666452,35.0
75.10635936912564,68.0
88.06310491146134,62.0
126.7046009544708,102.0
127.4934767784367,95.0
135.34800525196584,108.0
132.49735651479023,104.0
128.9196448626455,107.0
132.15281123632005,108.0
127.51469167264537,104.0
129.26056096109227,107.0
131.43159762475986,101.0
124.99555959512487,101.0
128.930711112338,105.0
132.17651431834778,106.0
120.58858030763656,108.0
128.4556322016252,103.0
135.0395249499781,103.0
128.4577939007111,93.0
129.93195582869507,96.0
135.05017535612626,106.0
148.5563647063952,100.0
130.48610343713327,104.0
132.55880169437177,102.0
126.49971380915437,98.0
127.05021505395165,115.0
129.09879094889456,103.0
124.84084517628702,102.0
124.9917895094377,107.0
128.91614284139186,104.0
127.50977028458335,109.0
124.99172077496756,111.0
81.56091059870236,118.91
82.18232777388559,116.48
82.18754987525446,123.05
82.1903087050497,117.75
82.17128214453412,102.04
79.98431712659246,118.02
80.66741919282184,128.92
80.66912724440482,106.52
83.19376667134527,128.4
81.22640227123438,125.76
83.00063226124186,128.66
82.7130111525798,113.97
81.67387913710076,68.04
81.00504548769155,126.52
81.80264457509905,128.38
81.99962553798767,130.32
81.97835737456464,130.29
82.49677079115799,128.89
83.07603268621399,129.07
81.00278498280481,120.78
77.2512580321608,140.4
86.46031845114288,128.0
88.87362113896509,64.0
89.40813603477916,65.0
89.07266499513878,133.0
87.73720450240228,77.0
90.1877589102929,68.0
90.9885618831898,168.0
90.46339444572433,95.0
70.5335976947452,123.0
70.91021619534438,125.0
72.0064055536674,130.0
72.55529669350166,132.0
70.14847330346622,125.0
71.40678837486992,130.0
90.99447175885052,95.0
90.67201602072156,120.0
90.38997486226354,94.0
88.09169415513514,210.0
89.09414666500969,202.0
91.4840364591453,197.0
93.20238403615774,151.0
93.41291599983442,142.0
94.24214926794293,139.0
88.82619950965385,218.0
90.02749547176258,209.0
92.25728593091532,210.0
103.75617357637945,91.0
100.69950013840655,90.0
101.83316181148808,95.0
101.78446687611748,125.0
102.17035593837679,130.0
101.78291004036882,106.0
121.42154929419718,104.0
121.82284862466183,95.0
113.77092678142323,98.0
111.33585867924555,107.0
111.31996211466395,115.0
119.38270276350258,94.0
115.38381377212873,98.0
114.38146586752593,92.0
105.02245669123413,94.0
114.93600182572042,102.0
124.00594475111549,56.0
107.76974596893692,103.0
113.95578642050266,110.0
113.43868669146985,95.0
71.70963588702972,17.5
71.56856010542938,21.5
71.7096513522855,18.0
71.70963588702972,23.5
71.00595128371695,21.0
71.97326351052772,23.5
72.51065193678406,24.5
74.52239131081724,17.5
75.39428978290333,17.5
75.39428634617983,17.0
69.3798741481916,17.5
73.3052310034098,28.0
72.71708217095515,29.5
73.30510384464003,28.5
72.06194300554043,30.5
65.11573196310097,30.0
73.06571886876038,41.0
93.44905486587221,91.0
85.68665764652812,41.0
71.42164876731417,58.0
73.06567590971655,19.0
93.44905830259573,97.0
85.68666924546994,45.0
71.4216436122289,23.0
75.4313273521382,9.0
85.70077656587571,15.0
75.4329426121865,10.0
75.48757276905366,9.0
78.17490797558652,7.0
78.12097203686776,12.0
97.86618623460019,50.0
98.17027612230777,63.0
97.89656515204027,92.0
96.40066422951281,98.0
98.84267107645111,76.0
99.10896044230526,86.0
98.70908735209602,131.0
97.57770594506137,133.0
97.86621716511175,54.0
98.16969359767333,58.0
97.89645689524978,130.0
96.40071062528015,134.0
98.8359608738037,62.0
99.09800588612671,86.0
98.70349752131189,132.0
97.57596868132859,145.0
99.74995233540345,71.0
100.09657167651008,96.0
99.55910936069833,148.0
98.46941540980353,160.0
99.8124646176339,99.0
97.70326492002764,223.0
95.54728110532066,180.0
96.05101541663477,138.0
93.85106903482632,234.0
69.81743434837854,18.5
70.71696751418436,15.5
71.57912287512812,15.5
69.62934247084077,147.5
70.4350221543941,124.5
67.53517500185409,21.0
69.85497711596895,20.5
71.00713867168862,16.5
69.34497078425457,22.5
70.06228543299608,21.0
69.65082371112123,132.5
80.26628224754289,94.0
94.4560337554007,127.0
84.00030811331797,105.0
84.08333247979994,96.0
86.50988223317508,85.0
94.45602860031543,85.0
84.00031584594586,87.0
84.08334966341747,96.0
86.50990220913047,184.0
91.18132126084052,101.0
91.18133586691542,211.0
92.3354610805289,140.0
95.71476552952961,178.0
83.54596639224638,61.0
88.53833825993672,64.0
79.37796568808302,72.0
80.15089511497645,64.0
82.30291466911811,63.0
76.29810510619886,99.0
82.93475070120323,111.0
86.5014706375965,108.0
86.05538027486998,126.0
85.59909122034122,115.0
79.35721904745218,72.0
83.52474634295244,86.0
83.52440610732525,87.0
85.8100708172547,101.0
83.86389252879312,106.0
84.11177523313425,114.0
85.84951538171578,142.0
97.76042106867246,144.0
85.79818963450059,115.0
84.05511912775971,130.0
84.10623480525054,118.0
83.64183465365485,122.0
83.86146834994938,109.0
84.10392876377735,127.0
91.59852703646685,87.0
82.30792369362956,132.0
87.5720394369701,129.0
100.13484646620746,115.0
100.13436016983123,166.0
105.32829758956852,100.0
104.9770403900892,90.0
90.9229101540357,57.0
93.03484204683004,93.0
93.03656470448792,159.0
92.65704303170621,124.0
88.52529825697509,133.0
88.51822032491245,114.0
104.601516485927,90.0
104.60125701330222,52.0
103.5760737993572,67.0
100.00838878804413,93.0
99.81950818246149,87.0
81.93136705405351,98.0
85.35506237182274,88.0
85.82358873957902,90.0
91.10848892750899,95.0
93.24068803800493,94.0
88.527137548437,103.0
86.76814942718303,89.0
88.29404478370822,112.0
85.90321590487432,90.0
87.04561329952018,90.0
84.46406817516049,84.0
83.00098495499176,122.0
88.62869444643042,99.0
87.97490956487266,80.0
88.93021882004003,121.0
88.70841612162215,125.0
90.14117326397472,116.0
90.52795587434584,140.0
89.50417054768728,125.0
90.34421402958704,120.0
90.99778690826345,122.0
91.53888785508823,139.0
91.35136948078569,121.0
91.53892737740856,125.0
93.65428740190112,135.0
58.1654157544324,80.0
60.0074548767755,80.0
58.598697233853144,79.0
60.704308992118115,81.0
59.001127246351594,82.0
59.05656503324291,81.0
64.96105362985995,83.0
65.75021985696216,89.0
61.41083404740941,19.0
62.71370280235777,23.0
67.3637374864312,19.0
67.87199452588052,22.0
67.836850591298,55.0
63.76098930353803,48.0
112.66747047124466,230.0
116.60628038063099,222.0
117.8514774784085,299.0
93.63405884733896,115.0
91.16045562365824,123.0
94.88543345562029,154.0
94.74484139285354,122.0
102.7412489821028,136.0
129.66703943388194,128.0
136.68749573260476,120.0
132.33490946806162,125.0
134.66530356402504,117.0
132.2192705954983,125.0
132.87934145914556,133.0
136.84223764523065,129.0
133.7581700841835,134.0
130.90460013202693,177.0
136.43059721373345,174.0
132.62360798954313,177.0
135.24950531953192,158.0
119.76777044884369,74.0
125.73159579517073,71.0
127.72180925151787,75.0
131.48727254557318,70.0
131.21047883431987,80.0
85.1489349989107,58.0
74.59278400004925,62.0
91.49821294361165,52.0
93.43136604998172,61.0
85.4642410633738,55.0
62.500835585058084,80.0
78.98652202145554,119.0
52.323185122506324,79.0
52.85561607510383,72.0
53.619640951390636,80.0
52.291361062831555,72.0
45.199661485808775,68.0
60.782157652998535,81.0
56.30366014932969,91.0
45.065423065625595,90.0
43.03231929991118,96.0
57.1073963657398,89.0
55.46149449066436,76.0
44.17777924479222,95.0
43.78959101450675,84.0
45.268210372879274,62.0
51.79102567106586,62.0
49.690060362982344,66.0
73.38629128240751,90.0
79.59351183135641,151.0
72.46355679620596,113.0
73.26847696386425,93.0
79.55923309191678,163.0
72.43501480748039,118.0
73.14332695899532,100.0
79.51590202275972,162.0
78.15989464894622,183.0
102.234835744815,160.0
105.39199897813239,105.0
105.38491760934625,89.0
103.26188853634783,87.0
105.0759853782173,129.0
69.73780374635975,54.0
71.6169955681752,60.0
74.11727721725983,58.0
71.74724738909026,59.0
72.19218967137023,126.0
78.43554908635693,56.0
73.44134243790428,62.0
71.36083766321966,60.0
71.09317532632446,58.0
77.12945539598769,101.0
77.12940728185859,244.0
77.1160160887136,48.0
79.79435653064776,130.0
68.8636645305471,63.0
77.00201137817783,137.0
76.30615906773751,137.0
114.44953017658194,55.0
115.02106073251852,56.0
119.47555272249102,55.0
118.84824758075945,58.0
117.04605039403293,59.0
113.71292863551919,65.0
114.21058510131118,62.0
114.03886233783723,57.0
118.14686730055811,121.0
117.2850504568798,165.0
115.7448209561974,165.0
73.54536346665222,64.0
80.61349184591185,78.0
76.79339710621805,82.0
73.20901305538449,72.0
76.0984400622513,64.0
71.55896992848311,70.0
72.6603006251726,45.0
106.51995569019232,154.0
105.88559495510088,141.0
103.8030195545033,145.0
105.25316565862038,198.0
104.14926429274766,255.0
105.56851425253686,153.0
104.88275388067483,177.0
105.3496636996115,177.0
106.61033464497925,188.0
96.82499991764485,190.0
65.33918257044044,78.0
65.69276643173399,82.0
66.2605526774097,81.0
67.19643950447251,80.0
68.63463096587051,87.0
115.50070017532511,157.0
110.92662223584149,166.0
110.78194820472933,150.0
113.12396014450813,164.0
108.78032310797722,148.0
111.55121236600255,157.0
109.35107009095421,155.0
112.1174933267822,174.0
114.20207921063138,183.0
109.97191419249265,164.0
115.00180133398533,157.0
105.79372446231193,183.0
107.37675148082693,182.0
105.05293011857063,184.0
109.65329211943573,184.0
106.76691692304314,177.0
104.29500027142348,193.0
103.82031142882873,193.0
103.59374886835367,176.0
104.67487163082203,178.0
107.55156042201017,143.0
106.65659466174513,138.0
107.49960747275493,146.0
107.74005095947474,155.0
102.7974119176541,169.0
95.07565782009415,117.0
111.44108256122094,122.0
92.42241018525584,105.0
77.89844247142815,95.0
85.88144769818102,114.0
128.98061921110656,138.0
162.41357068549794,164.0
144.30399673603952,158.0
75.13029614835185,94.0
82.89491907575717,114.0
124.90717393997201,140.0
157.4505639018131,176.0
139.20033173266043,158.0
75.64524620683103,91.0
83.32916842243556,106.0
124.69229967614423,130.0
157.03674802433596,159.0
139.17081371445886,151.0
77.16922172368712,92.0
85.14092657395854,109.0
126.81406747161557,136.0
159.54663531562267,165.0
141.8537984586223,155.0
74.83673466310795,92.0
82.43627930234963,106.0
122.93489674360788,135.0
155.0648454308341,160.0
136.96561601913174,152.0
75.78792521994738,98.0
83.33992235987938,114.0
125.40880497649984,138.0
157.59418457717038,160.0
139.62691503796603,147.0
74.93074623464176,95.0
82.36166373910842,112.0
123.51241750861715,142.0
155.4711280103839,170.0
137.2541014637558,151.0
75.85249609955854,99.0
83.4561733988174,117.0
125.92795986618984,149.0
158.20412739174463,173.0
140.19669286491404,173.0
77.12084812196441,98.0
84.928291765086,120.0
127.83142011104992,153.0
160.5039965095189,179.0
142.81212880854753,179.0
75.04919978375732,102.0
82.52364253225917,116.0
124.07598517618803,146.0
156.13484180094858,179.0
137.9133028363558,169.0
77.6422540655515,92.0
85.36404381911784,117.0
128.47527651319118,136.0
161.0533155214298,177.0
143.46371783857953,168.0
71.83390437231911,95.0
79.51470862052192,120.0
119.6320026866999,141.0
152.5133119240897,210.0
132.5689022247588,191.0
72.61658034707837,95.0
80.28285155075099,121.0
121.2073658117943,142.0
154.36233790532248,208.0
134.76868708056242,199.0
71.53804371904903,92.0
79.18654706219048,117.0
118.91207097300783,136.0
151.9224223046382,190.0
131.8122972345236,183.0
73.91102053762584,98.0
81.78286451295455,128.0
123.54264005513764,157.0
156.30592877057376,185.0
137.62164529593477,187.0
72.11907681548244,86.0
79.90862844643618,108.0
120.64066385238505,133.0
153.53126255341422,158.0
133.86025795595876,168.0
71.05963462325795,95.0
78.57291320656972,117.0
118.03688527488731,148.0
151.2146153514788,204.0
130.76315146592606,191.0
70.61152368190453,99.0
78.22102193160336,100.0
117.52489595370939,148.0
150.69652240935244,204.0
130.13243022102853,191.0
70.13167116224052,85.0
77.91233370784343,111.0
117.26447479324344,132.0
150.49885582012422,196.0
129.80087575741481,189.0
73.15102006456573,128.0
80.73453324782817,180.0
120.61692640312225,152.0
71.26871457125293,84.0
78.76600981271454,104.0
118.4571759394516,138.0
151.6761741919151,195.0
131.24028897401956,193.0
72.32491421484858,82.0
80.08602695878194,93.0
121.56947962083223,117.0
154.12409735837065,165.0
134.82536552463978,160.0
73.0358056273555,81.0
80.59930676963673,85.0
120.66323281565548,114.0
152.8915989539515,159.0
134.01127446030307,145.0
73.48903041328734,83.0
80.89085519408641,96.0
121.79380487430421,128.0
153.6729242963725,166.0
134.83100862463826,170.0
73.37264920844649,81.0
80.79150209504185,96.0
122.0539373499956,126.0
154.00756493769552,180.0
135.05339900277582,170.0
69.71404739511765,86.0
77.65141121533588,101.0
116.40100832228175,122.0
149.46157018434928,195.0
128.77259090050472,183.0
66.93073781833805,92.0
75.12714467289594,99.0
107.20034446321293,112.0
139.60259334570705,129.0
118.70070904060421,134.0
75.99712888998863,61.0
83.32871133820913,85.0
125.064417787311,124.0
158.05796354099218,153.0
140.0685649391263,158.0
65.79058417455181,41.0
73.4104686322792,68.0
105.05090588842502,105.0
137.23990435894842,140.0
116.07588053162611,137.0
77.17184222536119,55.0
84.34601199720043,55.0
71.12925061297737,55.0
64.69202691373246,55.0
75.69221075191585,55.0
81.91609081806492,55.0
70.13425557831778,55.0
64.06408769651384,55.0
116.8036754687022,110.0
111.90112924331413,270.0
103.86243019376869,167.0
153.21309069113676,171.0
56.81353244882729,183.0
102.76992672140692,163.0
152.86758313008463,183.0
56.14346415649818,199.0
150.67190859559537,174.0
101.53270282216565,233.0
152.43668673677774,253.0
55.38346712016157,172.0
99.67163112504082,317.0
151.25943022601,333.0
54.47555350408395,186.0
102.37269475321278,179.0
152.41876078696527,183.0
56.07944830773341,197.0
101.30498036750697,203.0
151.77962644292262,213.0
55.645293900541894,207.0
101.93404511167412,308.0
152.37909412424753,233.0
55.79456111262115,181.0
103.79159073048078,231.0
153.62234259979658,269.0
56.360888469168145,182.0
88.90069865388627,227.0
142.2779657473025,261.0
56.609294844253654,72.0
58.012887091745,84.0
60.948416026096375,91.0
29.18474989352204,56.0
56.86505580764414,76.0
58.42675795679824,83.0
61.486026121018924,91.0
29.64032196160914,89.0
57.26486703683027,72.0
59.09357854541324,88.0
62.31459781985234,90.0
30.412423138137385,79.0
57.92623354523966,67.0
60.10940527961047,81.0
63.55119623541535,83.0
31.597151085809337,93.0
58.928217157150726,74.0
61.70830136891901,70.0
65.56081858776822,98.0
33.524149449968824,97.0
65.31138978743938,47.0
75.35202839393783,69.0
81.41484125784636,84.0
130.8248372161531,113.0
77.62332459247497,144.0
63.0247194062937,50.0
69.45986045109338,58.0
94.40246382773543,77.0
92.67284852311487,117.0
125.486767049256,143.0
104.63972254115424,140.0
64.88607978819311,38.0
72.17772965721456,56.0
100.01426214851757,94.0
100.10893700768824,138.0
131.70861815976463,162.0
110.8795013198371,150.0
63.41765031501883,47.0
70.10073377723056,65.0
96.17091238962327,100.0
94.98096062222068,153.0
127.23730340822539,171.0
106.47887481575147,169.0
64.58761753522825,71.0
71.77232344215903,69.0
99.30485024548041,80.0
99.09478223947715,105.0
130.93958941405162,117.0
110.09987371882855,116.0
73.11332092605575,132.0
80.0290976338886,149.0
125.84694598295947,166.0
128.91117677592425,171.0
96.01031773686495,178.0
98.70921794758928,187.0
55.4641716982763,207.0
56.46451942979804,29.0
64.87151839069398,42.0
65.76371415181238,45.0
61.78629093546322,57.0
68.17275079178633,65.0
57.20953578836766,23.0
65.93838734241709,36.0
66.85828996844886,43.0
63.316002343852475,55.0
70.35675593160758,56.0
58.86865873877451,27.0
68.33339699539724,41.0
69.4116707140783,45.0
66.12135678356769,57.0
76.72060386561641,61.0
60.08320026286964,28.0
69.98412746700002,41.0
71.16059868644642,49.0
68.30332910143456,60.0
82.75559215683145,63.0
60.32651341371779,25.0
70.25644828260894,39.0
71.50356307210336,48.0
69.05353319413798,58.0
83.24826107763391,61.0
60.24640682549327,28.0
70.21990388319733,36.0
71.45416876349908,43.0
68.64505626662898,53.0
83.21832377916449,57.0
61.3797024875213,93.0
71.70607544147647,193.0
72.99693800285316,197.0
70.72453689770852,54.0
89.05807438548985,52.0
58.78140720237896,26.0
68.15693842693065,38.0
69.22942126650243,42.0
66.10049587188024,54.0
76.15093601382063,58.0
68.94864782942804,54.0
78.48168452189569,92.0
77.12945367762593,101.0
82.24001919221662,121.0
115.5235440764761,137.0
88.9210264438397,199.0
101.99624293370371,201.0
117.29519910139595,190.0
125.08287642926706,209.0
127.66765679921815,217.0
148.3559831055964,237.0
92.61395167401376,205.0
96.22416442036413,213.0
126.7351053123189,64.0
127.40838694112703,64.0
133.3786149033476,63.0
132.47635813416247,65.0
129.89760577724266,64.0
125.8227858167053,70.0
126.43292796124295,71.0
126.23527855563223,62.0
131.18335277567917,151.0
129.8123097365226,190.0
127.91712168514383,189.0
49.82031905734443,167.0
132.5135709762962,105.0
56.29954639129181,123.0
151.81844767165762,99.0
52.655877141600854,146.0
143.71816597359035,195.0
49.99776396545753,153.0
134.38662652828992,115.0
52.128192304166504,173.0
142.28213449291647,108.0
48.59558421132756,243.0
131.17770967568072,133.0
49.47610714105445,92.0
132.8502736517234,57.0
108.62412917966961,138.0
115.55372194559101,120.0
111.26058068754836,127.0
113.47007772398274,118.0
110.98463412863956,123.0
111.84865563044761,128.0
115.72097353178236,125.0
112.70811316343837,130.0
109.8050647029516,170.0
115.30332570759495,171.0
111.56505205156522,175.0
114.20903170228603,152.0
97.79526428994811,74.0
104.92881628583906,70.0
107.22149749639847,74.0
110.92103927850438,71.0
110.8302857208552,84.0
49.85119458133126,54.0
50.83085323734089,75.0
47.25697353190645,62.0
36.19831212488981,62.0
44.29906809080104,103.0
33.5348514069696,88.0
66.05152943535259,91.0
59.42760057650498,97.0
57.56694815964801,91.0
16.48411822312194,87.0
54.95794919914313,89.0
47.61834844539036,101.0
48.61697437843509,94.0
66.54501028208358,75.0
69.5577108427845,80.0
74.79752508461665,113.0
94.18078399218292,158.0
112.43635253376108,152.0
114.09135485268305,208.0
121.55181486200627,230.0
124.03467232291044,257.0
73.08252100998607,78.0
76.11148586468384,76.0
80.13180755261861,105.0
104.51339202176067,167.0
121.07239536950414,174.0
123.74160228912804,205.0
131.5354554091412,228.0
135.03030765753232,230.0
72.09274120324835,160.0
75.24193811147654,167.0
79.29509339661625,214.0
103.69864282487238,260.0
120.48067062624047,260.0
122.81465266154518,214.0
130.768024739859,243.0
134.02433744635317,250.0
73.82299745680297,71.0
79.68764196985121,103.0
72.68860547997619,76.0
73.7657983491143,82.0
79.67245766621645,122.0
72.67922150644036,96.0
73.64271381507308,81.0
79.61902606667233,110.0
78.36404289870866,88.0
77.24404263115787,99.0
77.74830276116856,129.0
78.86574438806839,42.0
71.5459894237972,25.0
77.77038199133924,26.0
78.90875498275841,28.0
77.92527554938988,51.0
78.5351161214398,131.0
79.04730391340024,55.0
79.00431823495563,97.0
71.96505489643125,32.0
79.03754963290652,109.0
79.5779632350299,107.0
80.30452181082434,99.0
86.29581774732364,102.0
77.44154253929604,103.0
72.70152240527723,114.0
73.20541824259618,112.0
74.4147050164491,110.0
66.60479208748774,28.0
73.19004062326412,36.0
74.56774231421554,36.0
73.5257947630034,111.0
74.1956671620926,136.0
74.77298687877672,121.0
74.80152027569353,109.0
68.70698086913974,106.0
74.79356254241308,109.0
75.54324425314346,108.0
76.97547128089508,120.0
88.89594781322829,109.0
73.04370321797458,115.0
46.66959624387913,115.0
46.70953440775391,25.0
47.3597453116596,33.0
47.04421285303548,102.0
47.66499509355079,107.0
47.60974976317586,114.0
44.18060423151497,95.0
118.1653878035373,115.0
104.3377410833182,109.0
120.26409862100024,131.0
131.04771560902867,132.0
78.40668834152608,122.0
117.51152709926718,129.0
103.67895211753905,133.0
119.55891045115317,147.0
130.28004436910092,148.0
73.91945941219727,92.0
78.21040847023289,82.0
116.84593342094419,120.0
102.98040885259276,103.0
118.81080104142724,143.0
129.45786669435228,142.0
72.2112720786428,74.0
76.9487576290752,133.0
115.82547742018303,241.0
102.36725785662473,251.0
72.96960230407853,90.0
77.53954414682147,131.0
116.63353703476496,215.0
103.02417380809257,237.0
118.58520420025764,265.0
128.97235045434874,255.0
74.70678183713798,103.0
78.79649269104071,147.0
118.22349592459355,228.0
104.4931187897929,212.0
120.46034928014362,241.0
131.26795459825087,249.0
76.21934227686558,72.0
80.25300274791186,109.0
121.56101840755801,180.0
107.998162641744,175.0
124.27238705116571,196.0
135.56164573205461,184.0
76.49789559055445,64.0
80.50753078674421,124.0
121.51807654733811,169.0
107.9516483074386,177.0
124.33594581570404,208.0
135.76694872091542,205.0
77.29334758495096,54.0
81.38559817752535,106.0
122.07429993677454,179.0
108.51934176157962,181.0
72.67892422985699,88.0
77.23553674047807,179.0
117.16974838322017,272.0
103.65211818039646,290.0
73.52366914951432,78.0
77.92400138414966,155.0
118.19388855158081,244.0
104.51815875726487,259.0
120.19705158210229,309.0
130.74000169638296,317.0
75.30381288149646,80.0
79.24721124635505,177.0
119.88965041129572,281.0
106.24079063971921,268.0
133.53932296798163,127.0
68.40363846879494,117.0
132.57527734686428,88.0
67.78645104106795,115.0
80.12095266142177,100.0
93.025055117463,143.0
119.27157287218043,166.0
105.66503463223079,175.0
122.02341237180647,225.0
66.71675194753684,15.0
81.77501159974106,20.0
73.67070936476105,60.0
66.35867800698139,35.0
81.07722785068981,65.0
72.74031098513892,85.0
63.964534408325,25.0
75.33993456391671,49.0
66.76155135681225,69.0
63.17714153055239,13.0
73.94437565762297,38.0
64.5519237248846,88.0
62.99973786312137,28.0
73.60953568633656,53.0
64.17669022385874,123.0
61.573155653729984,31.0
71.27841128662791,71.0
61.73869403325311,131.0
62.38306938064393,45.0
68.67677035115152,67.0
43.58921628715498,9.5
50.1653626607231,38.0
45.80687554191847,38.0
53.64640959078662,46.0
49.21101891006599,46.0
60.198897559732586,61.0
55.91007626313823,61.0
56.70043331493562,54.5
52.945125538843484,54.5
58.53729673167719,45.5
54.6916959188858,45.5
117.09128454883198,70.0
105.68092260500362,61.0
116.51722112767075,79.0
108.25791535948787,73.0
102.38314926612107,77.0
110.77752685993758,74.0
110.16938832520451,75.0
123.79554166457031,54.0
106.22745615251208,65.0
97.15804076417534,48.0
121.03832025593229,78.0
148.8920913523464,98.0
128.75092579551665,77.0
120.24888424603478,69.0
127.64182294861608,83.0
121.54769766724489,95.0
117.98206609822725,102.0
131.69365810233867,77.0
126.96058186816575,128.0
134.90182574922338,103.0
128.1498394174199,90.0
133.86782562112114,91.0
128.4983300544761,175.0
126.71778078912013,191.0
135.5608037347954,136.0
122.0205736381897,103.0
113.19835833498753,95.0
121.65328756027377,118.0
116.03746483626493,48.0
111.2359840574088,54.0
126.5352564036637,90.0
120.37557905812011,122.0
133.58934447862595,145.0
143.8062079563925,157.0
133.6452496599142,182.0
140.23926012227167,203.0
132.20571615798673,232.0
107.92431089030222,95.0
112.43649687614837,94.0
102.28945043642639,81.0
94.35339085277906,30.5
92.86769442152476,29.0
94.35315200049533,29.0
92.07878294155249,30.5
73.81926689343612,95.0
113.69237359222387,206.0
75.86810054264205,136.0
67.53865296604317,69.0
62.172936076894054,89.0
63.46970292925576,33.0
69.6020342658542,46.0
102.44449821744442,60.0
104.70537083358485,213.0
86.51069716623668,178.0
80.8888567393671,102.0
81.37181433871967,102.0
82.65373024962678,92.0
84.58744182356675,112.0
82.57467701715716,125.0
84.46088533960257,111.0
57.469125261744935,68.0
77.89763655976577,133.0
88.89734570051475,146.0
87.84665211756776,135.0
82.95985210010787,157.0
84.61534501131047,138.0
84.61808837584992,98.0
84.61908760320958,100.0
84.61908846239047,80.0
78.53690579520607,98.0
99.08720254578249,83.0
102.36574913500516,83.0
109.25415620641874,76.0
91.53670209893778,89.0
86.8675360342818,72.0
86.42702970286848,54.0
69.34305309253767,49.0
76.87769477875935,83.0
75.59344103668661,79.0
80.22811915135948,92.0
69.3171969032328,135.0
73.17719930588025,76.0
69.19482720768102,42.0
64.84909033308735,43.0
71.10176885345369,76.0
71.44521609876337,45.0
73.30606269049849,64.0
84.76584858467137,76.0
70.59954670048266,64.0
74.62936276669593,84.0
73.06667771461883,47.0
79.78506277110398,69.0
93.75494731505921,108.0
89.96693782602671,68.0
89.96690259961076,97.0
89.96690732510558,104.0
83.67334425312872,119.0
91.93955311006584,75.0
95.74095765855729,127.0
96.59365000132455,169.0
95.07004393224547,250.0
96.94906907297083,182.0
92.43779553721578,176.0
90.41437216243969,126.0
94.71308091256367,87.0
86.17332776644912,110.0
88.02598464606707,84.0
87.19880095394005,116.0
85.40189718059518,284.0
84.70504864992826,105.0
85.91774809022364,119.0
90.29994129818907,133.0
90.43196861638593,183.0
90.43025240258463,178.0
90.1088616191524,218.0
90.09640091889692,230.0
90.09260205065038,208.0
88.80556971762223,58.0
97.64971733106518,148.0
101.2520977845431,155.0
67.7602357141566,26.0
75.41450802729497,36.0
81.86951548191726,32.0
85.66441474240041,38.0
71.46666640853228,29.0
78.30433068695552,31.0
82.00525059518773,28.0
84.95870247221852,38.0
89.4614460602292,128.0
89.45745301710453,166.0
89.4302797035156,139.0
100.6748777328407,152.0
107.1814562308185,166.0
81.32493828926516,134.0
88.78953998000475,122.0
90.67999652229524,138.0
107.00950836195483,113.0
107.87012922585271,180.0
108.3484747422589,238.0
114.19856344248373,164.0
112.64776429865556,227.0
83.81305737385854,82.0
72.64917766954221,32.0
74.36109900318701,44.0
74.36245135388701,29.0
76.52916977446809,39.0
84.89967545721458,29.0
92.971553065087,133.0
92.97231859524817,137.0
92.93756558796457,228.0
94.86130937496294,123.0
93.20343395518913,153.0
92.87587811937578,153.0
84.64540817977833,114.0
83.81015033536207,126.0
86.80019107441484,123.0
93.21483614460445,103.0
95.6705134184727,94.0
96.57610209109784,110.0
84.97515664518913,108.0
86.74520113555552,95.0
85.8870761921046,95.0
87.07804222253218,78.0
84.77257940765982,99.0
87.77430264388896,150.0
82.11733589564483,83.0
62.56051600711879,88.0
72.31926595976483,82.0
91.25069195441962,66.0
83.3561046021025,78.0
76.98980585464274,105.0
77.23705920899167,133.0
72.97533132216469,34.0
72.97620253157372,16.0
65.18121357444147,44.0
62.26003124237005,28.0
62.398737403112314,15.0
65.33851240935658,15.0
63.82772016387333,9.0
62.28746145104111,14.0
58.23940841153798,34.0
61.515202185231544,52.0
68.34481894597273,58.0
64.53492912714252,79.0
59.87046364106322,89.0
54.72562325334684,42.0
56.19539992213588,69.0
63.09633041400893,75.0
57.797411401303506,104.0
54.61625296446027,133.0
55.569441976019036,24.0
57.49216849285933,26.0
63.975720943340264,36.0
58.87099227403577,43.0
55.65931916917393,62.0
59.67030199056888,21.0
63.68114390630004,38.0
70.5443288638958,29.0
66.84323368276472,42.0
62.067232771989445,62.0
71.96277806710788,40.0
79.02349515212467,48.0
84.60930840647043,52.0
116.01154850429869,54.0
91.58680652053668,56.0
129.02640324166674,78.0
98.59984937706446,78.0
72.9712811435117,69.0
79.76318802598196,118.0
86.12632241027265,146.0
118.18919055054675,210.0
101.82316953789149,209.0
92.51534004806584,187.0
55.45565549742597,140.0
73.12873634934637,74.0
80.01496754518959,93.0
82.67165534025838,151.0
70.483498857822,69.0
80.15479321861426,117.0
70.50912134992839,63.0
81.51632082956088,119.0
71.96640037368424,55.0
82.71258886517887,125.0
72.49230326998021,55.0
87.30461165645426,142.0
70.53310108819844,65.0
84.69419676586449,150.0
72.46696430756316,58.0
86.9124093331126,144.0
54.89796462705206,41.0
62.47804667148321,76.0
79.90420710164443,107.0
57.14206946920187,112.0
35.43872405865053,138.0
93.85360705513624,256.0
91.75458521419593,247.0
85.89246626333488,263.0
72.75566111068291,226.0
90.36171425527509,227.0
88.61673035272169,229.0
81.90244616656128,239.0
125.32675320277036,189.0
144.75359577867147,191.0
142.95513087367354,187.0
136.60395242087324,197.0
104.88808767555767,180.0
124.42124872987114,187.0
122.35750313736835,182.0
115.81817781945418,191.0
95.66553876119632,157.0
93.37098281796384,137.0
86.60104218337896,155.0
73.25971847400668,97.0
82.19591743781312,100.0
81.38769457886463,88.0
77.38224531190637,120.0
69.34305481089942,79.0
77.35500240466644,100.0
76.85276306807786,73.0
73.65006840337804,116.0
62.88843269890036,118.0
104.15422004804473,157.0
62.88984175553823,95.0
104.16196470446775,98.0
62.89038303949057,59.0
104.16430683153777,124.0
62.89037960276707,70.0
104.16431198662303,104.0
59.98852540369897,94.0
65.74159883604487,100.0
81.99698785269605,88.0
72.65153354350626,79.0
78.63142600181892,106.0
70.28975700683873,103.0
70.25701877871111,116.0
113.41345770420502,107.0
90.23044516420195,104.0
91.1756992107735,112.0
44.30354957825416,120.0
69.54109772135169,52.0
72.88579951972224,52.0
77.393980004321,61.0
112.28308497551967,77.0
88.01958503730661,93.0
114.15621957215406,82.0
81.37065530371694,68.0
114.15621613543055,78.0
94.48698918320906,111.0
82.31001665824532,90.0
144.26981508403895,100.0
121.82107183860872,109.0
124.41254007250441,106.0
53.09033054373748,159.0
70.61503773169044,53.0
74.09337480526868,52.0
78.36612641233478,65.0
115.9976469577129,75.0
90.33586923532162,78.0
118.09810019399387,77.0
82.9818814977877,69.0
118.09810363071739,102.0
98.67147585003548,95.0
84.53430148633986,85.0
148.52787426852223,97.0
125.88280475603145,100.0
128.99406023674243,98.0
54.0752920641184,153.0
75.8165067309933,34.0
78.26817377811932,35.0
82.63527332603248,58.0
122.98998398470148,74.0
95.54293365008431,74.0
125.98366228079118,76.0
89.61348713776906,67.0
125.98365884406769,95.0
107.25859005320946,97.0
90.97199945342872,82.0
155.6786511226302,96.0
134.1280921290293,94.0
137.98429523383976,107.0
57.733697984207346,102.0
73.28473610277584,53.0
73.14547662954894,70.0
73.1454783479107,96.0
136.24237130397893,103.0
73.1454783479107,94.0
80.70329429033048,103.0
84.94164171754892,142.0
74.15156368932735,41.0
95.01721290013421,58.0
103.71381767751751,81.0
128.33834713850203,88.0
74.39587692671604,79.0
77.3178857907909,88.0
81.39915347421781,108.0
70.7426621774844,48.0
97.31420204360964,62.0
106.40698543343217,61.0
128.8619594585806,52.0
71.22037190004181,53.0
75.2058009638005,53.0
79.71034668370018,58.0
81.76591802934156,64.0
99.68868586544427,96.0
96.02785018183587,79.0
122.48217028258458,112.0
125.06253789955267,124.0
145.3138504447816,121.0
114.8341201573556,110.0
80.07186422120962,153.0
90.47131609340795,164.0
94.3318099475169,181.0
100.16549001135758,81.0
129.20226038351962,121.0
126.26630529545338,113.0
94.67022582961233,163.0
98.71377847968306,180.0
46.787159681606376,238.0
52.67632908319098,194.0
55.711333979452284,181.0
46.880222717452256,202.0
49.84004241355107,247.0
46.71508127949419,120.0
72.75566454740641,174.0
90.13455284572893,183.0
86.05681725488634,226.0
99.83746334442378,204.0
73.11581598732184,132.0
79.12668707132654,193.0
72.5745320349703,79.0
125.32674976604685,137.0
145.12632218989896,211.0
139.8810916718198,189.0
152.1830015543855,205.0
126.64073288481684,94.0
132.86715827431328,155.0
124.92012351414635,82.0
104.88809111228119,142.0
124.80693846216703,209.0
119.16062512720414,180.0
133.9188025409004,222.0
105.97404590800038,96.0
112.4484429270587,148.0
104.33728228073002,91.0
77.89763655976577,101.0
88.07417867898653,156.0
85.9215628533164,133.0
93.14735865608726,122.0
77.98840816021337,258.0
82.11516130884579,111.0
77.7059468623066,61.0
73.25971675564492,71.0
81.38464792347567,104.0
79.75348787388347,97.0
86.52054681580772,116.0
73.33393451814021,184.0
76.81026970027564,92.0
73.17394129199562,45.0
43.31791102334237,219.0
48.05659599027871,254.0
48.292901661896096,215.0
49.67718983344866,244.0
62.672810947709806,210.0
47.69069147521258,261.0
51.001404078098965,229.0
66.77424317672357,174.0
75.47413346177956,192.0
76.68954275856021,175.0
80.61497565128599,192.0
95.35780250984782,180.0
74.76233819099029,201.0
82.57756987916918,199.0
108.09950302615648,131.0
128.6109686674178,154.0
131.14829475918435,141.0
135.71439778176997,155.0
131.19206143304592,132.0
127.85038395136152,153.0
135.75924358681274,156.0
85.53087011077521,127.0
108.54579422241295,155.0
111.19983316283873,138.0
115.59297276476438,152.0
117.17868042761484,131.0
107.75532547710158,155.0
115.29137278323762,152.0
70.57747606212075,98.0
79.65667623187232,125.0
80.35828075828249,105.0
82.28489764613269,116.0
93.71577382216475,108.0
79.24154323011115,117.0
84.02836423525775,118.0
69.55511267981322,60.0
74.88803291653508,81.0
75.2560407063875,63.0
77.0004459506204,87.0
88.93569566853886,100.0
74.40349614273104,85.0
78.3637052406241,86.0
59.72450255699768,14.0
62.71605695796006,30.0
67.41572652128326,41.0
71.86222641074025,46.0
67.29484836373352,41.0
72.22163551837815,52.0
74.67340781516157,52.0
94.13281850137669,55.0
67.00791975485811,54.0
66.04391537442284,55.0
60.21162031015548,24.0
65.98174848290483,48.0
70.73006143074602,63.0
75.5146902358856,70.0
82.68313227840999,81.0
94.49895843200305,83.0
117.07404250699739,85.0
67.89967389700585,89.0
70.74363992532214,90.0
67.1253268216658,54.0
75.22160817357091,76.0
78.96022764990354,81.0
87.94717907248517,87.0
107.27639571769919,104.0
116.83214872295764,111.0
137.50041487422556,114.0
84.60565645815382,155.0
87.44520328963054,163.0
65.44578457854213,59.0
72.99781264898569,66.0
76.71677191890612,73.0
84.17921921359725,73.0
102.14433478634358,77.0
112.33177647416676,74.0
132.75079768981348,77.0
79.17681512039955,87.0
83.82608169676917,90.0
65.44578457854213,71.0
72.99780062045342,81.0
76.71675473528857,90.0
84.17919601571359,90.0
102.14426605187343,101.0
112.33173523348468,116.0
132.75077706947243,108.0
79.17676872463221,131.0
83.82604217444884,144.0
65.44578114181863,66.0
72.99780233881518,84.0
76.71675473528857,97.0
84.17919558612314,102.0
102.14426605187343,114.0
112.33173179676118,127.0
132.75077363274892,120.0
79.17676872463221,145.0
83.82604389281059,160.0
62.2310149858005,83.0
68.58859089940907,102.0
72.6960253660278,120.0
78.41095073785561,125.0
90.01104344674415,125.0
102.10589503391785,127.0
123.28159341099341,124.0
72.03360206514,134.0
76.08928806755218,148.0
73.46013959712579,83.0
104.33999729230055,80.0
136.0122414245036,94.0
76.54323800214397,88.0
107.58889354946663,113.0
139.77130210266537,160.0
76.32228932951759,80.0
108.83676957321785,112.0
140.9518028804237,155.0
75.53571095521613,158.0
107.09728571704696,230.0
139.4307812274219,263.0
76.15645882849637,160.0
109.32196619793523,225.0
141.7686880009716,253.0
73.86119320185969,142.0
104.83181304649241,184.0
136.7084013216978,221.0
72.82275970043345,103.0
103.08294006170041,134.0
134.50614546169265,154.0
74.53271866495577,123.0
107.25450722568314,94.0
139.4253237104928,109.0
83.49041691184108,194.0
69.24980791034591,138.0
67.02296057528648,84.0
61.87335001534239,125.0
84.81916376520668,147.0
115.75240580497733,166.0
97.54040890320172,186.0
84.93450063569183,213.0
84.93450321323446,151.0
63.75425676218783,75.0
70.67300322872114,93.0
74.48206479718618,98.0
96.43851286549534,102.0
79.09933676647701,109.0
95.77069390870156,108.0
105.48532492332657,120.0
106.96649261217954,124.0
127.40225926311408,125.0
74.85304878959565,128.0
79.42762977948259,138.0
96.57272894697572,165.0
64.576444747107,69.0
71.91705933429434,83.0
75.58575480456322,92.0
98.58836384710409,95.0
80.32536467971337,92.0
98.43015428045963,110.0
107.55778776500483,103.0
109.42153666974161,108.0
129.85577054199203,109.0
76.60609223836337,123.0
81.432842815576,125.0
98.73707602833697,159.0
64.2050191357269,75.0
71.30736568217434,96.0
75.0975699487565,100.0
98.17617525820752,108.0
79.78529389075982,108.0
97.8561905242801,117.0
107.24024138640561,115.0
108.90020461570994,124.0
129.4538526012961,119.0
75.92953369369131,128.0
80.84255118601473,137.0
98.27902092751607,169.0
48.26328397871282,178.0
63.24409405955389,125.0
70.03154565958776,178.0
70.30287154374142,192.0
95.3102648911182,246.0
80.08684232143398,248.0
62.814264768895924,3.0
69.34305137417591,45.0
94.4785442943715,78.0
103.32006882859773,128.0
125.32675320277036,132.0
77.16417489521709,188.0
63.58995216640372,7.0
70.64092828823037,55.0
96.49885829355465,87.0
105.738360564976,142.0
126.99085596553886,146.0
79.34008869913157,213.0
65.55983912156873,20.0
73.31423865572162,71.0
101.8278589471168,107.0
111.13478457866012,172.0
133.23698409090088,178.0
83.49456546670446,86.0
65.62126711753274,28.0
73.38059834991817,96.0
101.71744389428409,144.0
110.97025659584804,232.0
133.07466076621853,246.0
83.5465935942864,81.0
65.62046807931736,30.0
73.37965153259199,89.0
101.71456907507049,140.0
110.96730788707904,227.0
133.07182546932526,257.0
83.54396450080355,104.0
65.45979266355664,39.0
73.15518709181795,113.0
72.48223882518998,132.0
87.12239356898037,160.0
84.163125037414,177.0
81.7872231375423,195.0
65.45375434035485,34.0
73.14685991076051,123.0
72.47702531562987,131.0
87.10249665823663,168.0
84.14969990662436,189.0
81.77702294217353,201.0
65.45236590405803,29.0
73.144765227783,106.0
72.47559735701272,129.0
87.09773787015554,146.0
84.14529918217366,170.0
81.77408196603243,186.0
64.70036956004569,37.0
72.06457897247029,40.0
75.92249700231075,39.0
101.50236514540765,45.0
82.99917680883665,47.0
80.70237410761148,50.0
101.73189359826924,72.0
110.481544202983,80.0
112.23284866965619,77.0
132.85801658978465,80.0
67.0576903846864,27.0
75.2141779773488,53.0
79.23872511683541,68.0
110.67446811377161,117.0
92.42629969708489,126.0
85.38932521641615,131.0
112.31172319250345,171.0
119.73575049592904,175.0
122.17400272243594,179.0
142.9859789038723,178.0
68.37416684636071,44.0
76.710324625607,55.0
81.08371122958576,65.0
114.5163332081109,121.0
97.10359962710106,119.0
87.62005390108631,125.0
116.4284986736142,152.0
123.99454170251929,141.0
126.48450287091241,158.0
147.31342553596178,150.0
53.74100540531662,9.0
58.37734130949117,18.0
67.31365239640203,17.0
62.16342838131196,28.0
59.99700380059073,23.0
82.06114976220987,29.0
61.22409108384813,31.0
55.40145836772068,58.0
58.169254574589715,65.0
66.07768633796431,80.0
58.44905885563512,9.0
64.0061565667182,19.0
77.86481585027397,21.0
70.17131892297895,37.0
73.6535068452468,30.0
108.48469099682035,39.0
85.3775935311346,39.0
64.17825736977792,68.0
66.92048091703143,74.0
80.67015310637166,84.0
61.33599939304462,9.0
67.09961841147172,16.0
87.8598523577629,19.0
74.71721572970522,33.0
85.17993811125774,26.0
118.99216725106183,36.0
96.9917308402249,35.0
69.87838979486034,66.0
73.00340935321682,71.0
89.86353025242478,86.0
63.51915394379789,13.0
70.22999410341386,19.0
94.85908409649215,22.0
78.590924215289,39.0
93.30970689701502,32.0
125.55850177901748,43.0
105.03808003629692,40.0
73.74733111534948,71.0
77.98525238885307,77.0
95.55500342304087,91.0
62.22510210300671,72.0
69.57855628921617,72.0
76.89014602802519,64.0
77.03030420444917,78.0
64.96781538335995,63.0
72.34910015652905,87.0
99.5068093023689,108.0
80.86065326790695,120.0
108.40254814991795,138.0
130.78436292341124,142.0
77.28234491464332,166.0
82.09529361025184,180.0
65.87709337866985,82.0
73.42331510474835,104.0
102.05346609845691,123.0
82.36737471439616,136.0
110.98764641679342,150.0
133.51692240416304,156.0
79.81985959661229,183.0
84.37053688573677,200.0
68.00955969441847,59.0
75.64177339772722,79.0
79.19325554647614,98.0
106.6601207400633,100.0
89.67031636809027,104.0
95.25820626261513,105.0
84.64602636041916,107.0
108.54265649385107,115.0
79.11395229237137,122.0
116.20750016849696,122.0
138.50209949119153,122.0
118.2301047438975,125.0
81.07460391229222,133.0
88.85775378653331,129.0
51.59913965077637,177.0
108.63739836913012,190.0
82.1625288097618,227.0
94.97106973196756,246.0
140.46950341362273,306.0
84.60652122370625,198.0
96.47594393957176,207.0
113.9530542253146,177.0
88.58399212459408,232.0
100.53444461853616,279.0
88.61867489384099,208.0
101.03053050168546,241.0
104.35685957618762,180.0
120.13231402140104,153.0
93.64132236247099,215.0
106.53527316686299,233.0
120.62794453868567,98.0
91.74809582103384,112.0
131.34080969987562,135.0
133.6344824051668,153.0
80.09065622534587,77.0
121.67478426581002,120.0
92.64579291730607,174.0
132.64342070056097,204.0
135.10681943296854,231.0
80.71917968556068,86.0
122.15269847341608,144.0
93.1080408208055,223.0
127.82896285374241,110.0
98.26273085809291,148.0
139.2870437034654,192.0
143.1799750723951,231.0
85.36302826732152,73.0
126.58917172204141,145.0
97.41435160332695,222.0
125.09766121379415,173.0
77.11152429108995,29.0
63.04555110583135,7.0
60.678629794073856,24.0
66.43985341621658,24.0
71.20847224489884,25.0
93.77511143105562,25.0
60.361073105304115,141.0
66.12602041736668,159.0
70.89045675354092,170.0
92.75174538466493,167.0
61.137081836459814,54.0
66.97397523677954,70.0
71.65850775141618,77.0
95.30080101376082,84.0
92.63213108218488,106.0
126.87002764047996,114.0
75.33670060709663,143.0
69.73466773615961,93.0
74.42030000231848,114.0
78.24708862022304,119.0
104.96802930105386,120.0
84.11272419841262,139.0
136.2666964329614,154.0
116.34257371249234,159.0
82.83886396740591,201.0
69.73494439240193,82.0
74.42060415234886,113.0
78.24763763680328,125.0
104.96879912711942,135.0
84.1134325930455,138.0
136.2675246833266,175.0
116.34338477923998,184.0
82.8398915477345,231.0
69.71699266716314,166.0
74.4032572904473,198.0
78.22114737201137,215.0
104.9249946492993,213.0
84.08148395214361,228.0
136.2143654441204,274.0
116.29784475604882,264.0
82.77976349243701,300.0
58.09178051657155,36.0
66.69726744361392,75.0
71.4130449300144,95.0
88.36512438805117,125.0
81.36189423631674,130.0
97.8346886636586,187.0
120.15778357931138,193.0
55.92358945996773,170.0
60.05281962706782,40.0
69.36571312898103,71.0
73.36536679133518,91.0
94.98798270752636,108.0
84.8328294666418,120.0
105.30090346649428,170.0
126.07702774830568,167.0
57.78394975532661,167.0
64.04266659889475,41.0
62.713042951444436,48.0
71.4045201373553,45.0
58.59431884810523,64.0
71.11858645993517,54.0
64.47270037460137,55.0
74.94161830945613,63.0
66.46710319690354,62.0
97.90465004409046,69.0
81.78579603810601,78.0
79.83530337287183,68.0
97.31349236020544,87.0
106.91974973576092,91.0
108.54662590950164,96.0
128.77052199295352,97.0
58.90563444698627,92.0
74.05621523234932,98.0
71.39040035882682,101.0
75.10937853072653,108.0
80.15942076681642,118.0
48.20454693725479,126.0
62.79744372569094,39.0
61.4651274053729,38.0
69.85647037233274,28.0
57.352819664821254,68.0
69.24194812368542,50.0
63.231201191317396,58.0
73.28384770974928,70.0
64.73742603125986,72.0
94.48877542025183,86.0
79.49568549672983,98.0
77.6749338693795,83.0
92.56764612066141,113.0
103.14503650038652,120.0
104.59268066979052,127.0
125.46841838245214,127.0
57.664135263702285,120.0
72.13228070719632,130.0
70.16310515379725,133.0
72.62642827828766,142.0
76.98895354721301,152.0
46.898646992173255,169.0
64.32465663609061,40.0
63.016892268506524,59.0
71.67054143877591,49.0
58.881982915811136,93.0
